3.64632;0
25.8584;0
38.8623;0
38.6921;0
38.9955;0
21.0362;0
4.04383;0
0.880314;0
6.68425;0
6.27929;0
2.81344;0
13.6769;0
40.5579;0
350.971;0
798.081;0
305.287;0
26.7834;0
16.6344;0
14.0078;0
16.1337;0
46.8924;0
79.3885;0
42.389;0
1.71036;0
10.5486;0
18.6725;0
13.9134;0
11.4206;0
12.9274;0
10.7931;0
15.6106;0
12.4363;0
9.45803;0
19.6547;0
16.5034;0
10.1387;0
8.38422;0
9.07354;0
4.15252;0
0.40646;0
3.00186;0
9.32101;0
16.6374;0
10.9922;0
11.1654;0
8.56597;0
0.871596;0
3.462;0
14.0253;0
18.5156;0
12.8211;0
32.015;0
12.1537;0
6.74373;0
11.2632;0
11.3616;0
9.76976;0
0.85902;0
9.33248;0
47.7894;0
31.041;0
0.710675;0
30.2084;0
35.7833;0
72.1735;0
101.343;0
55.953;0
44.7592;0
61.5089;0
8.85677;0
1.4481;0
4.40407;0
8.23758;0
10.0446;0
11.8076;0
18.9347;0
16.1086;0
12.1192;0
12.406;0
14.9235;0
13.4688;0
7.50775;0
26.3448;0
56.5239;0
18.4996;0
3.63637;0
26.6761;0
19.6255;0
40.5925;0
46.5761;0
18.903;0
5.72198;0
3.32881;0
2.29968;0
2.39163;0
1.2991;0
4.30505;0
4.46429;0
3.00248;0
0.881534;0
8.05368;0
44.6334;0
43.0494;0
21.0891;0
35.0388;0
62.9048;0
55.6554;0
48.0794;0
65.9529;0
47.321;0
38.9165;0
51.1498;0
49.0649;0
33.8888;0
7.6607;0
1.75036;0
9.3676;0
22.1075;0
3.55639;0
4.64103;0
7.49809;0
2.91784;0
1.76774;0
2.45507;0
5.74437;0
11.4933;0
4.99777;0
9.4631;0
27.2029;0
84.2398;0
77.4751;0
15.98;0
2.40828;0
6.75159;0
9.51394;0
11.3026;0
6.83043;0
15.8098;0
17.3349;0
4.36493;0
1.81318;0
0.891522;0
0.17628;0
4.49112;0
15.6225;0
24.5556;0
58.9062;0
40.9251;0
22.2177;0
12.4819;0
14.0459;0
7.72905;0
11.3943;0
38.6762;0
24.3723;0
8.26637;0
13.9668;0
28.7843;0
16.7036;0
32.3765;0
38.5154;0
9.27455;0
6.05413;0
68.9844;0
79.6449;0
24.8319;0
10.1151;0
1.43887;0
7.66676;0
24.3949;0
21.4326;0
5.69608;0
7.92154;0
11.1266;0
4.42197;0
3.39275;0
0.602102;0
4.44488;0
18.5966;0
13.0352;0
7.24779;0
6.48138;0
2.13496;0
4.67775;0
29.5473;0
28.5074;0
22.9267;0
19.1081;0
32.2174;0
16.5695;0
6.89476;0
8.13751;0
3.33673;0
1.24123;0
19.3067;0
28.2979;0
22.3172;0
4.80362;0
3.21495;0
1.10327;0
3.39327;0
12.2353;0
2.11391;0
15.5797;0
33.3532;0
20.1269;0
35.6743;0
16.2761;0
2.41569;0
0.544593;0
14.5321;0
34.8968;0
14.9269;0
3.32757;0
14.3927;0
24.2065;0
34.6289;0
17.9008;0
563.954;0
833.079;0
241.26;0
29.1023;0
5.43117;0
31.4873;0
32.8465;0
72.9488;0
48.0205;0
13.514;0
6.8511;0
6.14461;0
19.5165;0
3.6871;0
4.95851;0
17.4394;0
1.46524;0
12.0996;0
19.09;0
5.96071;0
13.1746;0
10.9741;0
2.1738;0
3.19055;0
0.0024825;0
1.93451;0
3.81193;0
7.71983;0
6.60735;0
2.36082;0
8.13256;0
5.84456;0
0.203404;0
0.47276;0
1.84354;0
1.53861;0
2.51607;0
17.5959;0
11.5421;0
7.14266;0
11.0469;0
6.8049;0
6.83094;0
24.6674;0
48.3765;0
46.2332;0
11.5294;0
0.769023;0
2.85625;0
0.926123;0
3.94474;0
5.90369;0
7.47171;0
12.9889;0
11.5405;0
42.6407;0
41.2315;0
26.7162;0
50.9227;0
45.7383;0
11.2224;0
2.26468;0
10.4725;0
14.6234;0
18.5747;0
15.9711;0
27.0882;0
17.54;0
5.26069;0
3.56933;0
1.06267;0
8.0396;0
24.4504;0
27.9161;0
21.6204;0
11.5686;0
2.4027;0
1.2741;0
5.99687;0
10.3983;0
16.0005;0
12.5004;0
1.74239;0
14.261;0
49.5918;0
63.8011;0
29.9604;0
0.702382;0
12.914;0
5.00211;0
11.1492;0
36.0199;0
3.61909;0
47.6239;0
71.7941;0
31.7717;0
8.06338;0
43.6273;0
63.168;0
36.4092;0
12.7287;0
139.953;0
726.759;0
298.878;0
3.00881;0
8.43733;0
0.151453;0
13.2038;0
25.1667;0
15.4267;0
12.7038;0
2.45918;0
1.6654;0
5.15061;0
3.78014;0
0.121093;0
3.47353;0
8.79435;0
9.51141;0
7.3765;0
11.8228;0
10.5884;0
28.5865;0
17.2993;0
6.65775;0
12.3538;0
16.4808;0
27.4532;0
26.9488;0
17.7683;0
3.42911;0
20.9839;0
22.9022;0
26.0145;0
4.15974;0
4.89561;0
21.5308;0
32.2357;0
16.4206;0
2.50211;0
18.0941;0
15.8801;0
3.07861;0
2.91969;0
1.22649;0
4.0033;0
33.2994;0
55.573;0
27.925;0
8.98152;0
7.91336;0
6.18426;0
12.9227;0
19.04;0
11.4628;0
27.0495;0
52.5299;0
17.6447;0
8.86296;0
32.9801;0
3.15279;0
21.8946;0
34.6964;0
1.45369;0
22.9787;0
75.2438;0
95.2245;0
34.201;0
6.69585;0
21.9934;0
39.7327;0
17.321;0
1.01511;0
6.12591;0
0.140161;0
0.255589;0
10.6227;0
12.6248;0
13.2623;0
41.8793;0
41.2414;0
24.2992;0
5.69747;0
14.6018;0
24.5257;0
10.1662;0
7.31172;0
10.7361;0
11.2041;0
5.26811;0
14.9447;0
11.459;0
8.62809;0
6.87214;0
3.35737;0
2.31534;0
15.5702;0
27.3671;0
16.8075;0
4.28375;0
5.0823;0
19.3647;0
17.9926;0
13.5164;0
7.5876;0
6.71524;0
1.4281;0
14.1386;0
24.6927;0
1.27;0
2.52025;0
2.64301;0
6.33947;0
4.6641;0
7.70267;0
6.23795;0
2.31115;0
1.70655;0
3.70118;0
10.0952;0
1.38855;0
6.97531;0
9.34282;0
32.4745;0
34.6271;0
24.3427;0
32.3376;0
25.188;0
9.99654;0
11.2926;0
10.5469;0
2.09858;0
5.28924;0
0.874927;0
10.3414;0
3.94743;0
3.23428;0
11.351;0
6.02629;0
13.0468;0
31.1732;0
5.947;0
8.30426;0
17.159;0
15.4986;0
4.59001;0
36.4063;0
8.17826;0
43.5163;0
55.8515;0
13.7995;0
4.53336;0
14.6895;0
13.7467;0
11.8708;0
37.0464;0
44.665;0
22.4736;0
15.9289;0
8.6272;0
7.95219;0
12.558;0
2.78246;0
4.00058;0
39.2241;0
41.466;0
29.2872;0
29.7623;0
33.8014;0
52.4691;0
38.3442;0
4.08619;0
12.6425;0
26.1483;0
7.31658;0
4.5671;0
14.2838;0
25.2965;0
20.2202;0
10.2935;0
13.2374;0
9.80692;0
10.5807;0
1.53731;0
1.23518;0
0.330019;0
10.0262;0
7.95144;0
1.46257;0
4.25943;0
9.52116;0
1.16123;0
0.708523;0
12.7738;0
5.59462;0
2.84596;3.64632
20.4561;25.8584
1.40933;38.8623
1.36947;38.6921
21.2689;38.9955
43.1357;21.0362
16.8872;4.04383
6.29027;0.880314
16.8039;6.68425
13.4369;6.27929
29.9143;2.81344
85.044;13.6769
73.3655;40.5579
134.932;350.971
615.338;798.081
254.654;305.287
4.11464;26.7834
0.3157;16.6344
8.39617;14.0078
1.43947;16.1337
8.73217;46.8924
9.94123;79.3885
9.04381;42.389
15.7332;1.71036
2.53735;10.5486
15.1721;18.6725
11.3438;13.9134
10.9123;11.4206
6.16678;12.9274
0.616077;10.7931
0.170177;15.6106
5.19556;12.4363
7.06785;9.45803
2.66712;19.6547
7.48452;16.5034
6.58402;10.1387
0.33988;8.38422
3.75153;9.07354
5.25779;4.15252
5.13697;0.40646
4.68955;3.00186
11.1669;9.32101
11.9749;16.6374
0.677038;10.9922
5.86706;11.1654
24.98;8.56597
28.1912;0.871596
25.6489;3.462
18.0747;14.0253
4.33477;18.5156
3.60032;12.8211
17.6646;32.015
38.498;12.1537
23.6639;6.74373
41.8952;11.2632
83.0492;11.3616
38.3708;9.76976
7.98519;0.85902
18.1433;9.33248
47.6317;47.7894
69.4318;31.041
69.3742;0.710675
63.0334;30.2084
66.8825;35.7833
70.9395;72.1735
62.5464;101.343
46.1105;55.953
31.2522;44.7592
27.0484;61.5089
11.7018;8.85677
4.83961;1.4481
6.22051;4.40407
20.3722;8.23758
10.2657;10.0446
0.333694;11.8076
9.88651;18.9347
21.5194;16.1086
35.9465;12.1192
37.9098;12.406
14.8588;14.9235
7.23099;13.4688
2.0396;7.50775
4.11473;26.3448
50.4696;56.5239
83.1773;18.4996
59.4483;3.63637
46.1653;26.6761
37.6472;19.6255
97.0117;40.5925
82.3115;46.5761
14.0337;18.903
2.36949;5.72198
22.3973;3.32881
20.2068;2.29968
2.34509;2.39163
2.06425;1.2991
1.72524;4.30505
1.3578;4.46429
0.202763;3.00248
18.3022;0.881534
69.9524;8.05368
72.6038;44.6334
20.475;43.0494
24.5613;21.0891
28.1991;35.0388
0.71143;62.9048
26.2334;55.6554
45.7409;48.0794
22.9711;65.9529
24.0511;47.321
26.7122;38.9165
13.972;51.1498
17.5053;49.0649
41.4934;33.8888
3.59016;7.6607
9.75154;1.75036
20.438;9.3676
28.2153;22.1075
9.34956;3.55639
0.820799;4.64103
2.85984;7.49809
0.707673;2.91784
2.40865;1.76774
4.97982;2.45507
11.1516;5.74437
6.29952;11.4933
1.6423;4.99777
3.22971;9.4631
13.5093;27.2029
36.9403;84.2398
103.643;77.4751
48.5307;15.98
6.37801;2.40828
2.21559;6.75159
4.4841;9.51394
14.1464;11.3026
29.1722;6.83043
4.15288;15.8098
6.73488;17.3349
16.3425;4.36493
7.72699;1.81318
2.65939;0.891522
0.678731;0.17628
9.62891;4.49112
21.6338;15.6225
24.5507;24.5556
26.9057;58.9062
3.0129;40.9251
1.46134;22.2177
0.103245;12.4819
4.86267;14.0459
11.9997;7.72905
12.6585;11.3943
16.6318;38.6762
5.06253;24.3723
6.02824;8.26637
14.9862;13.9668
2.79686;28.7843
23.3745;16.7036
10.6236;32.3765
23.9894;38.5154
49.5241;9.27455
86.0103;6.05413
107.972;68.9844
39.8877;79.6449
2.19612;24.8319
10.2947;10.1151
25.6962;1.43887
10.2174;7.66676
7.39933;24.3949
14.5213;21.4326
2.14347;5.69608
16.7076;7.92154
9.93732;11.1266
1.60134;4.42197
10.6124;3.39275
3.79366;0.602102
0.599775;4.44488
4.37497;18.5966
3.99322;13.0352
5.22049;7.24779
17.3892;6.48138
11.3533;2.13496
2.36757;4.67775
11.5789;29.5473
4.2867;28.5074
5.25847;22.9267
2.91613;19.1081
16.0614;32.2174
24.8991;16.5695
2.89557;6.89476
6.7022;8.13751
11.6328;3.33673
25.5258;1.24123
40.2605;19.3067
8.2174;28.2979
7.18287;22.3172
33.9522;4.80362
37.0364;3.21495
22.4691;1.10327
22.5711;3.39327
20.8577;12.2353
0.850258;2.11391
18.706;15.5797
47.2121;33.3532
47.6854;20.1269
31.0612;35.6743
2.98021;16.2761
0.139252;2.41569
6.11181;0.544593
10.5826;14.5321
3.51443;34.8968
18.5917;14.9269
2.10151;3.32757
20.3471;14.3927
27.419;24.2065
21.7295;34.6289
160.958;17.9008
714.904;563.954
556.793;833.079
39.3027;241.26
12.69;29.1023
22.8408;5.43117
18.9765;31.4873
14.3468;32.8465
9.59594;72.9488
2.54107;48.0205
5.45215;13.514
10.241;6.8511
21.9955;6.14461
23.4388;19.5165
2.68311;3.6871
12.536;4.95851
33.5419;17.4394
22.0924;1.46524
16.9893;12.0996
10.5241;19.09
7.32013;5.96071
9.77502;13.1746
22.682;10.9741
16.2239;2.1738
2.69193;3.19055
0.0208956;0.0024825
1.42064;1.93451
7.50491;3.81193
3.24204;7.71983
8.09538;6.60735
9.51572;2.36082
3.61161;8.13256
6.08138;5.84456
15.1228;0.203404
10.9812;0.47276
5.5396;1.84354
5.97876;1.53861
11.7648;2.51607
28.5686;17.5959
43.8593;11.5421
63.4934;7.14266
65.9058;11.0469
22.6183;6.8049
5.78918;6.83094
9.54473;24.6674
6.41715;48.3765
34.6231;46.2332
41.8337;11.5294
13.6624;0.769023
2.12979;2.85625
4.29877;0.926123
13.7932;3.94474
8.49405;5.90369
0.413872;7.47171
4.85877;12.9889
7.74616;11.5405
4.32553;42.6407
7.39892;41.2315
10.7023;26.7162
28.6559;50.9227
59.8725;45.7383
45.135;11.2224
20.9211;2.26468
1.59479;10.4725
1.77827;14.6234
0.764135;18.5747
2.57934;15.9711
12.5145;27.0882
7.40553;17.54
0.959897;5.26069
6.14587;3.56933
9.47027;1.06267
1.50693;8.0396
18.211;24.4504
19.579;27.9161
17.8727;21.6204
15.2833;11.5686
0.940154;2.4027
2.83026;1.2741
2.11522;5.99687
0.223959;10.3983
1.48671;16.0005
0.527949;12.5004
3.79889;1.74239
16.1873;14.261
37.4411;49.5918
34.293;63.8011
0.875468;29.9604
19.6774;0.702382
22.6376;12.914
10.4135;5.00211
23.3354;11.1492
40.5085;36.0199
32.9461;3.61909
28.1705;47.6239
2.24742;71.7941
26.6752;31.7717
58.5122;8.06338
54.5686;43.6273
14.6115;63.168
21.8796;36.4092
49.4556;12.7287
377.628;139.953
892.573;726.759
336.28;298.878
23.4902;3.00881
7.40932;8.43733
5.48547;0.151453
1.23007;13.2038
18.5233;25.1667
27.4116;15.4267
15.8331;12.7038
9.9607;2.45918
6.28861;1.6654
18.2728;5.15061
20.0607;3.78014
7.59258;0.121093
1.59473;3.47353
3.31228;8.79435
3.18347;9.51141
2.87882;7.3765
8.55533;11.8228
10.7347;10.5884
41.3746;28.5865
39.3219;17.2993
17.4899;6.65775
12.0797;12.3538
9.30289;16.4808
30.9973;27.4532
23.1744;26.9488
19.1114;17.7683
28.2012;3.42911
35.4732;20.9839
18.1872;22.9022
19.8803;26.0145
33.1057;4.15974
25.6345;4.89561
59.0471;21.5308
55.7496;32.2357
18.0485;16.4206
15.1613;2.50211
16.6839;18.0941
13.356;15.8801
4.87913;3.07861
3.71963;2.91969
4.38238;1.22649
14.2974;4.0033
20.4723;33.2994
14.7563;55.573
16.2335;27.925
2.39081;8.98152
3.38306;7.91336
2.63709;6.18426
5.2549;12.9227
8.30663;19.04
8.85083;11.4628
0.470266;27.0495
29.5741;52.5299
26.7052;17.6447
17.036;8.86296
28.2156;32.9801
13.2101;3.15279
9.9309;21.8946
25.7508;34.6964
38.074;1.45369
69.3096;22.9787
92.9032;75.2438
44.7582;95.2245
3.33541;34.201
4.25629;6.69585
29.6431;21.9934
53.3106;39.7327
16.0526;17.321
1.2117;1.01511
17.1078;6.12591
18.7743;0.140161
15.8026;0.255589
31.3465;10.6227
59.0229;12.6248
53.0156;13.2623
21.6492;41.8793
12.5395;41.2414
4.27595;24.2992
25.5635;5.69747
56.8573;14.6018
50.7537;24.5257
18.4614;10.1662
8.20886;7.31172
4.62849;10.7361
18.9461;11.2041
23.0133;5.26811
25.8208;14.9447
4.05271;11.459
3.21681;8.62809
1.04626;6.87214
2.21918;3.35737
9.40321;2.31534
11.3162;15.5702
3.04018;27.3671
21.1812;16.8075
17.3564;4.28375
15.0514;5.0823
34.2014;19.3647
23.0722;17.9926
6.75436;13.5164
3.80212;7.5876
7.52582;6.71524
18.9473;1.4281
22.5996;14.1386
17.7595;24.6927
15.7895;1.27
7.12636;2.52025
5.34174;2.64301
19.6974;6.33947
31.3093;4.6641
14.1325;7.70267
9.48658;6.23795
7.26537;2.31115
0.451116;1.70655
2.68056;3.70118
30.5882;10.0952
45.8693;1.38855
24.3746;6.97531
27.7652;9.34282
37.9325;32.4745
4.73595;34.6271
8.47792;24.3427
27.04;32.3376
30.4346;25.188
22.8044;9.99654
18.7136;11.2926
22.8197;10.5469
30.6124;2.09858
17.6528;5.28924
12.8659;0.874927
16.6222;10.3414
16.2841;3.94743
12.1825;3.23428
1.26221;11.351
9.91619;6.02629
34.6669;13.0468
35.0242;31.1732
15.5631;5.947
6.32205;8.30426
9.44439;17.159
39.3474;15.4986
86.1875;4.59001
117.061;36.4063
64.9033;8.17826
3.81096;43.5163
6.68701;55.8515
16.6116;13.7995
11.8193;4.53336
7.41348;14.6895
10.1969;13.7467
9.32245;11.8708
18.3795;37.0464
11.6309;44.665
2.14533;22.4736
7.09941;15.9289
5.86022;8.6272
1.04569;7.95219
3.92559;12.558
3.61967;2.78246
6.91128;4.00058
39.8973;39.2241
27.0821;41.466
16.8781;29.2872
34.8032;29.7623
9.84953;33.8014
21.3863;52.4691
1.64748;38.3442
13.4108;4.08619
37.8118;12.6425
47.0083;26.1483
21.241;7.31658
11.7423;4.5671
4.92721;14.2838
7.41637;25.2965
12.3245;20.2202
8.33011;10.2935
8.95925;13.2374
0.32628;9.80692
10.3861;10.5807
6.61455;1.53731
0.142159;1.23518
9.17445;0.330019
15.6745;10.0262
0.130124;7.95144
8.38556;1.46257
15.4655;4.25943
24.7249;9.52116
10.5406;1.16123
3.4351;0.708523
3.26707;12.7738
4.50038;5.59462
17.9331;3.64632
85.6986;25.8584
73.5265;38.8623
60.1235;38.6921
37.2386;38.9955
10.0532;43.1357
3.02161;16.8872
5.9362;6.29027
19.5382;16.8039
54.0123;13.4369
91.7004;29.9143
38.835;85.044
18.3913;73.3655
196.714;350.971
679.716;798.081
392.475;305.287
35.2527;26.7834
10.6005;16.6344
18.114;14.0078
12.892;16.1337
1.07322;46.8924
6.13994;79.3885
15.1601;42.389
8.65892;15.7332
5.99991;10.5486
49.1492;18.6725
80.1159;13.9134
62.7992;11.4206
27.904;12.9274
3.07657;10.7931
3.17961;15.6106
20.8796;12.4363
20.3466;9.45803
11.8797;19.6547
13.4954;16.5034
10.3965;10.1387
3.55715;8.38422
0.495309;9.07354
1.89903;5.25779
0.105633;5.13697
7.97668;4.68955
18.7554;11.1669
8.18368;16.6374
0.00202482;10.9922
2.40409;11.1654
11.5615;24.98
16.5983;28.1912
1.48813;25.6489
17.0955;18.0747
3.92301;18.5156
0.909249;12.8211
0.81705;32.015
22.838;38.498
46.0633;23.6639
85.4496;41.8952
127.306;83.0492
53.3191;38.3708
26.0801;7.98519
6.52694;18.1433
1.86167;47.7894
8.80974;69.4318
13.2742;69.3742
7.14269;63.0334
4.06679;66.8825
13.9266;72.1735
8.45085;101.343
28.8672;55.953
23.5631;44.7592
4.66726;61.5089
2.1438;11.7018
9.50523;4.83961
12.5249;6.22051
26.6041;20.3722
13.4311;10.2657
0.353202;11.8076
5.03522;18.9347
1.46639;21.5194
7.85682;35.9465
13.2888;37.9098
6.89464;14.9235
5.60328;13.4688
4.44053;7.50775
8.89854;26.3448
29.4164;56.5239
34.9035;83.1773
16.2072;59.4483
13.2125;46.1653
73.2959;37.6472
58.6578;97.0117
34.4817;82.3115
1.17019;18.903
12.0604;5.72198
36.1408;22.3973
32.0012;20.2068
7.83136;2.39163
7.76391;2.06425
17.9689;4.30505
23.587;4.46429
47.6956;3.00248
114.365;18.3022
95.7392;69.9524
16.2662;72.6038
5.27387;43.0494
4.87784;24.5613
10.9808;35.0388
4.80021;62.9048
7.98924;55.6554
6.43435;48.0794
2.84047;65.9529
4.27044;47.321
5.93569;38.9165
30.5141;51.1498
65.4694;49.0649
80.2653;41.4934
45.2541;7.6607
21.2163;9.75154
5.73595;20.438
26.5301;28.2153
25.7078;9.34956
29.7998;4.64103
25.0623;7.49809
12.0307;2.91784
0.827105;2.40865
9.49025;4.97982
15.701;11.1516
3.39534;11.4933
7.97855;4.99777
10.5912;9.4631
11.844;27.2029
27.8391;84.2398
75.3791;103.643
37.5229;48.5307
0.675029;6.37801
1.52004;6.75159
11.4998;9.51394
44.7027;14.1464
46.8585;29.1722
6.1765;15.8098
8.84405;17.3349
11.4652;16.3425
0.656121;7.72699
0.103359;2.65939
3.80615;0.678731
29.3496;9.62891
49.3995;21.6338
21.4798;24.5556
5.84803;58.9062
6.66827;40.9251
15.1635;22.2177
19.8458;12.4819
34.8705;14.0459
25.8989;11.9997
0.482198;12.6585
6.25493;38.6762
2.17628;24.3723
4.04414;8.26637
21.9872;14.9862
42.1688;28.7843
45.4104;23.3745
15.3834;32.3765
2.49683;38.5154
4.29512;49.5241
23.9904;86.0103
43.4029;107.972
10.7421;79.6449
4.54064;24.8319
14.5596;10.2947
13.1604;25.6962
73.5375;10.2174
140.507;24.3949
116.599;21.4326
52.9298;5.69608
6.95943;16.7076
12.4081;11.1266
41.3126;4.42197
41.698;10.6124
14.475;3.79366
2.16784;4.44488
0.165713;18.5966
1.74804;13.0352
1.49432;7.24779
34.1417;17.3892
39.6087;11.3533
21.4934;4.67775
33.4687;29.5473
40.8013;28.5074
15.7938;22.9267
2.73432;19.1081
13.5369;32.2174
28.6001;24.8991
15.7072;6.89476
2.52149;8.13751
0.51382;11.6328
16.3395;25.5258
41.0212;40.2605
21.6424;28.2979
1.43761;22.3172
16.2347;33.9522
39.6437;37.0364
6.32941;22.4691
17.2261;22.5711
30.3573;20.8577
10.035;2.11391
20.0829;18.706
13.4481;47.2121
2.84617;47.6854
15.0477;35.6743
9.10447;16.2761
5.61437;2.41569
18.9855;6.11181
27.4427;14.5321
24.2636;34.8968
28.1163;18.5917
35.7624;3.32757
36.573;20.3471
8.36288;27.419
0.1708;34.6289
131.671;160.958
738.143;714.904
489.975;833.079
29.6666;241.26
5.76352;29.1023
7.8231;22.8408
1.50101;31.4873
29.975;32.8465
24.7433;72.9488
14.4157;48.0205
9.37057;13.514
0.691724;10.241
5.1297;21.9955
9.06525;23.4388
25.7309;3.6871
55.7224;12.536
37.5329;33.5419
3.11396;22.0924
5.06493;16.9893
8.68107;19.09
7.63412;7.32013
9.52205;13.1746
15.7397;22.682
5.7614;16.2239
4.46836;3.19055
1.1592;0.0208956
2.38978;1.93451
6.29232;7.50491
28.3926;7.71983
29.1563;8.09538
5.26525;9.51572
12.0465;8.13256
33.5662;6.08138
27.3878;15.1228
11.3986;10.9812
1.62627;5.5396
14.8289;5.97876
34.3322;11.7648
14.8771;28.5686
1.58621;43.8593
20.513;63.4934
57.0725;65.9058
28.9656;22.6183
0.803146;6.83094
2.37606;24.6674
4.05275;48.3765
24.1854;46.2332
47.8639;41.8337
51.9835;13.6624
51.7468;2.85625
45.2822;4.29877
17.0723;13.7932
1.46295;8.49405
13.4438;7.47171
12.5208;12.9889
5.95478;11.5405
5.18003;42.6407
2.98418;41.2315
3.41316;26.7162
13.1905;50.9227
11.927;59.8725
4.95719;45.135
47.7781;20.9211
36.0664;10.4725
7.634;14.6234
0.100947;18.5747
7.34346;15.9711
34.2958;27.0882
49.9279;17.54
47.7823;5.26069
65.5001;6.14587
61.6601;9.47027
23.4837;8.0396
3.42915;24.4504
24.9879;27.9161
51.9421;21.6204
39.9366;15.2833
13.4556;2.4027
5.51653;2.83026
11.4899;5.99687
12.6551;10.3983
17.4966;16.0005
18.7872;12.5004
12.8427;3.79889
4.63723;16.1873
6.71216;49.5918
33.9468;63.8011
25.9754;29.9604
9.69633;19.6774
11.5451;22.6376
9.10799;10.4135
16.0428;23.3354
15.5718;40.5085
0.313878;32.9461
12.6831;47.6239
25.9351;71.7941
17.2031;31.7717
0.849201;58.5122
26.3086;54.5686
17.3183;63.168
8.95747;36.4092
25.9332;49.4556
517.853;377.628
1075.16;892.573
242.224;336.28
0.998706;23.4902
2.66334;8.43733
3.82874;5.48547
2.80776;13.2038
15.9501;25.1667
9.81466;27.4116
1.37928;15.8331
2.49633;9.9607
9.6342;6.28861
11.4035;18.2728
11.6584;20.0607
8.15483;7.59258
1.9005;3.47353
13.0763;8.79435
13.112;9.51141
5.59071;7.3765
2.59921;11.8228
3.23838;10.7347
12.1794;41.3746
48.92;39.3219
40.7934;17.4899
7.12452;12.3538
4.82993;16.4808
11.0833;30.9973
7.50129;26.9488
8.98553;19.1114
19.011;28.2012
27.1697;35.4732
8.51102;22.9022
1.54296;26.0145
28.6861;33.1057
84.1098;25.6345
100.912;59.0471
53.3699;55.7496
9.91048;18.0485
3.26249;15.1613
4.15463;18.0941
0.151164;15.8801
1.82986;4.87913
1.5554;3.71963
0.953033;4.38238
9.337;14.2974
18.9156;33.2994
13.1466;55.573
6.06438;27.925
1.81194;8.98152
11.5185;7.91336
4.83205;6.18426
0.161447;12.9227
2.13146;19.04
5.43633;11.4628
34.1264;27.0495
46.4019;52.5299
17.1062;26.7052
10.082;17.036
22.6896;32.9801
5.93084;13.2101
0.279882;21.8946
5.21655;34.6964
0.147218;38.074
12.2101;69.3096
7.22411;92.9032
6.38846;95.2245
3.67855;34.201
16.7023;6.69585
14.6681;29.6431
17.8172;53.3106
16.4637;17.321
37.922;1.2117
61.5574;17.1078
30.7808;18.7743
0.102533;15.8026
5.99604;31.3465
13.4342;59.0229
20.4023;53.0156
1.86268;41.8793
0.821381;41.2414
5.92402;24.2992
12.9289;25.5635
7.26815;56.8573
17.9646;50.7537
8.58443;18.4614
13.5777;8.20886
24.64;10.7361
17.3524;18.9461
14.5795;23.0133
23.239;25.8208
21.0732;11.459
8.50732;8.62809
5.11072;6.87214
0.855944;3.35737
19.8554;9.40321
51.6861;15.5702
46.7309;27.3671
16.5788;21.1812
4.99117;17.3564
24.9573;15.0514
30.064;34.2014
16.8211;23.0722
7.32472;13.5164
6.58231;7.5876
1.85034;7.52582
2.36785;18.9473
7.15124;22.5996
3.54685;24.6927
12.7425;15.7895
3.04727;7.12636
0.511996;5.34174
14.5175;19.6974
32.8563;31.3093
14.3767;14.1325
9.31148;9.48658
16.0525;7.26537
30.8023;1.70655
68.6843;3.70118
129.875;30.5882
71.6808;45.8693
1.17648;24.3746
31.4404;27.7652
26.83;37.9325
4.01126;34.6271
5.78652;24.3427
2.14066;32.3376
24.1072;30.4346
59.3762;22.8044
41.8678;18.7136
27.0418;22.8197
10.5105;30.6124
5.20455;17.6528
1.97852;12.8659
1.17137;16.6222
3.58818;16.2841
6.53877;12.1825
12.87;11.351
12.8126;9.91619
6.22455;34.6669
3.12941;35.0242
20.8695;15.5631
5.64757;8.30426
0.902615;17.159
6.37105;39.3474
25.5151;86.1875
35.0758;117.061
44.5676;64.9033
9.83526;43.5163
0.722415;55.8515
4.87575;16.6116
4.3072;11.8193
4.1835;14.6895
12.4789;13.7467
4.6944;11.8708
1.41019;37.0464
2.15177;44.665
0.254483;22.4736
6.83111;15.9289
12.4826;8.6272
4.86085;7.95219
5.68351;12.558
10.6958;3.61967
13.3519;6.91128
14.0138;39.8973
35.3929;41.466
30.5431;29.2872
31.422;34.8032
29.6451;33.8014
17.2512;52.4691
6.86862;38.3442
13.8451;13.4108
3.4173;37.8118
12.6019;47.0083
24.8957;21.241
19.6643;11.7423
10.0703;14.2838
3.75372;25.2965
8.63179;20.2202
1.9543;10.2935
6.17675;13.2374
9.36629;9.80692
11.5799;10.5807
33.5362;6.61455
47.9203;1.23518
56.6531;9.17445
36.4357;15.6745
33.0752;7.95144
39.9057;8.38556
39.3663;15.4655
64.3512;24.7249
56.337;10.5406
16.0762;3.4351
8.47768;12.7738
5.10322;5.59462
2.91863;17.9331
77.2416;85.6986
116.63;73.5265
61.6119;60.1235
2.51378;38.9955
5.67082;43.1357
3.80885;16.8872
4.22641;6.29027
0.370857;19.5382
8.80187;54.0123
31.2415;91.7004
27.7431;85.044
17.5276;73.3655
220.68;350.971
675.856;798.081
315.942;392.475
34.8918;35.2527
10.9582;16.6344
6.29915;18.114
5.96558;16.1337
9.40165;46.8924
20.37;79.3885
31.4952;42.389
25.7287;15.7332
20.7297;10.5486
19.4892;49.1492
28.4788;80.1159
9.46868;62.7992
12.5613;27.904
36.7891;10.7931
53.2613;15.6106
39.4868;20.8796
5.43449;20.3466
1.43927;19.6547
11.3936;16.5034
1.90668;10.3965
4.5137;8.38422
8.16709;9.07354
1.33814;5.25779
1.19822;5.13697
8.18319;7.97668
3.65604;18.7554
4.7617;16.6374
5.89899;10.9922
4.06845;11.1654
11.3878;24.98
25.1817;28.1912
34.4222;25.6489
44.4223;18.0747
41.9889;18.5156
23.6027;12.8211
18.3588;32.015
54.6296;38.498
82.9953;46.0633
69.0736;85.4496
65.1407;127.306
16.5261;53.3191
17.6104;26.0801
12.0914;18.1433
6.15007;47.7894
11.0555;69.4318
11.2703;69.3742
15.8702;63.0334
34.2103;66.8825
31.3424;72.1735
9.55643;101.343
2.26578;55.953
7.93485;44.7592
1.21948;61.5089
8.09592;11.7018
5.14938;9.50523
14.807;12.5249
13.616;26.6041
5.25748;13.4311
1.92596;11.8076
10.8978;18.9347
21.6285;21.5194
9.87646;35.9465
6.14705;37.9098
17.3567;14.9235
11.8077;13.4688
2.54218;7.50775
8.27104;26.3448
5.5803;56.5239
1.13758;83.1773
22.7646;59.4483
63.1815;46.1653
40.7375;73.2959
5.42562;97.0117
13.7953;82.3115
10.1284;18.903
3.57052;12.0604
7.1951;36.1408
11.0709;32.0012
9.72654;7.83136
17.2025;7.76391
23.1225;17.9689
1.3224;23.587
24.5807;47.6956
99.6326;114.365
76.2196;95.7392
18.931;72.6038
13.6578;43.0494
12.0441;24.5613
25.3603;35.0388
14.2185;62.9048
4.12699;55.6554
0.127629;48.0794
0.408446;65.9529
9.5618;47.321
16.2173;38.9165
22.1144;51.1498
18.8973;65.4694
41.6334;80.2653
14.4238;45.2541
22.1529;21.2163
60.4318;20.438
27.1277;28.2153
4.33779;25.7078
12.209;29.7998
40.4946;25.0623
53.7092;12.0307
34.5306;2.40865
20.6328;9.49025
13.8273;15.701
35.7862;11.4933
47.7301;7.97855
14.2541;10.5912
1.59751;27.2029
17.5947;84.2398
23.5931;103.643
13.8206;48.5307
17.5114;6.37801
12.038;6.75159
1.95273;11.4998
12.3259;44.7027
54.0968;46.8585
55.2533;15.8098
44.1943;17.3349
19.8978;16.3425
1.5835;7.72699
0.420553;2.65939
2.90704;3.80615
27.1072;29.3496
39.4108;49.3995
8.92497;24.5556
9.8916;58.9062
10.2713;40.9251
4.64593;22.2177
27.3035;19.8458
39.2088;34.8705
21.1352;25.8989
10.5439;12.6585
4.8936;38.6762
2.97608;24.3723
2.92623;8.26637
3.24012;21.9872
42.5024;42.1688
92.9545;45.4104
39.295;32.3765
2.53674;38.5154
3.07586;49.5241
0.789858;86.0103
16.3798;107.972
9.26778;79.6449
6.30571;24.8319
5.15753;14.5596
19.9622;25.6962
104.943;73.5375
160.91;140.507
92.9321;116.599
39.6457;52.9298
43.1894;16.7076
21.819;12.4081
11.6611;41.3126
29.7015;41.698
11.7705;14.475
4.63553;4.44488
15.2645;18.5966
39.0543;13.0352
58.232;7.24779
37.557;34.1417
17.6972;39.6087
4.18223;21.4934
8.5367;33.4687
44.5412;40.8013
22.4756;22.9267
6.02167;19.1081
18.8686;32.2174
8.92546;28.6001
0.310262;15.7072
5.4494;8.13751
2.984;11.6328
16.2715;25.5258
13.9722;41.0212
4.27233;28.2979
19.0976;22.3172
8.79278;33.9522
8.10945;39.6437
36.9701;22.4691
44.0621;22.5711
21.2254;30.3573
9.42267;10.035
13.1139;20.0829
12.5847;47.2121
8.06886;47.6854
1.63515;35.6743
0.593386;16.2761
4.86812;5.61437
13.3939;18.9855
14.5212;27.4427
2.91598;34.8968
2.47541;28.1163
0.351843;35.7624
23.2888;36.573
24.2003;27.419
7.386;34.6289
89.6618;160.958
555.567;738.143
553.365;833.079
94.535;241.26
0.394562;29.1023
18.0938;22.8408
50.8512;31.4873
36.7728;32.8465
0.729755;72.9488
8.56691;48.0205
2.06401;13.514
1.67383;10.241
4.3732;21.9955
5.02355;23.4388
21.6188;25.7309
35.4493;55.7224
16.2657;37.5329
0.0480825;22.0924
11.4178;16.9893
31.8788;19.09
42.8149;7.63412
29.0799;13.1746
7.25174;22.682
1.96699;16.2239
9.05611;4.46836
26.7622;1.1592
23.575;2.38978
23.4935;7.50491
28.1307;28.3926
15.2263;29.1563
16.15;9.51572
7.50061;12.0465
16.4597;33.5662
14.2773;27.3878
5.4961;11.3986
15.9018;5.5396
4.54529;14.8289
10.6425;34.3322
18.5723;28.5686
4.77549;43.8593
4.48545;63.4934
18.6623;65.9058
16.5416;28.9656
7.81707;6.83094
1.40805;24.6674
1.42183;48.3765
15.0824;46.2332
14.7509;47.8639
13.3523;51.9835
64.3222;51.7468
32.5412;45.2822
14.4463;17.0723
15.16;8.49405
8.87677;13.4438
17.9159;12.9889
12.7308;11.5405
16.3463;42.6407
4.29857;41.2315
3.93981;26.7162
5.07543;50.9227
12.135;59.8725
12.6259;45.135
29.5014;47.7781
63.7378;36.0664
62.0823;14.6234
37.1417;18.5747
14.2449;15.9711
4.17444;34.2958
35.0433;49.9279
3.54238;47.7823
38.6226;65.5001
96.7659;61.6601
56.4447;23.4837
22.5317;24.4504
9.90011;27.9161
3.69056;51.9421
30.8672;39.9366
26.5787;13.4556
10.0497;5.51653
21.9213;11.4899
54.5181;12.6551
68.8176;17.4966
37.9885;18.7872
4.42519;12.8427
3.40579;16.1873
14.416;49.5918
26.1491;63.8011
5.88304;29.9604
5.53848;19.6774
13.0123;22.6376
19.4071;10.4135
3.11133;23.3354
3.68916;40.5085
8.62899;32.9461
2.1213;47.6239
10.9542;71.7941
17.0241;31.7717
11.534;58.5122
19.8404;54.5686
18.3215;63.168
1.79323;36.4092
35.8583;49.4556
526.369;517.853
1253.38;1075.16
480.557;336.28
44.5516;23.4902
13.324;8.43733
8.44372;5.48547
9.8347;13.2038
24.6356;25.1667
18.7484;27.4116
4.06132;15.8331
1.95351;9.9607
5.36795;9.6342
4.42349;18.2728
4.71215;20.0607
2.64746;8.15483
9.60702;3.47353
24.5298;13.0763
14.2263;13.112
4.94846;7.3765
4.21753;11.8228
9.13362;10.7347
10.7291;41.3746
21.4016;48.92
13.134;40.7934
2.6966;12.3538
0.475536;16.4808
1.58629;30.9973
2.99576;26.9488
14.4598;19.1114
4.99344;28.2012
23.5231;35.4732
60.5093;22.9022
66.1254;26.0145
37.6519;33.1057
5.19321;84.1098
9.1489;100.912
42.4552;55.7496
62.8674;18.0485
45.9788;15.1613
24.3874;18.0941
16.555;15.8801
10.462;4.87913
8.31;3.71963
2.72902;4.38238
10.8432;14.2974
41.5827;33.2994
32.607;55.573
10.2877;27.925
7.68948;8.98152
21.7404;11.5185
15.19;6.18426
5.15324;12.9227
25.9488;19.04
69.8871;11.4628
78.9061;34.1264
29.5483;52.5299
0.183981;26.7052
10.2691;17.036
9.47053;32.9801
26.8295;13.2101
30.8664;21.8946
19.0745;34.6964
0.64172;38.074
18.2589;69.3096
32.5707;92.9032
48.5546;95.2245
45.5591;34.201
16.6663;16.7023
4.16618;29.6431
8.05494;53.3106
10.1187;17.321
27.7742;37.922
36.1225;61.5574
13.853;30.7808
9.1531;15.8026
8.30136;31.3465
15.1462;59.0229
25.1172;53.0156
8.29298;41.8793
1.87971;41.2414
6.22386;24.2992
11.0002;25.5635
8.31862;56.8573
4.69872;50.7537
5.62174;18.4614
15.5292;13.5777
3.50673;24.64
1.05012;18.9461
0.155292;23.0133
2.84525;25.8208
9.72154;21.0732
3.4966;8.62809
6.2904;6.87214
15.9746;3.35737
28.6332;19.8554
51.4929;51.6861
48.966;46.7309
34.7792;21.1812
11.6203;17.3564
0.174465;24.9573
3.91041;34.2014
0.759734;23.0722
15.4228;13.5164
21.3827;7.5876
13.7586;7.52582
13.898;18.9473
12.278;22.5996
4.9305;24.6927
24.3911;15.7895
19.7325;7.12636
11.1152;5.34174
7.66866;19.6974
7.9762;32.8563
8.42491;14.3767
5.89292;9.48658
2.23002;16.0525
33.0822;30.8023
54.2696;68.6843
54.4221;129.875
71.2218;71.6808
50.0933;24.3746
6.60903;31.4404
6.45266;37.9325
10.1219;34.6271
8.89129;24.3427
20.4967;32.3376
37.1556;30.4346
29.1948;59.3762
5.24553;41.8678
19.5271;27.0418
9.30459;30.6124
7.41848;17.6528
10.7199;12.8659
8.71445;16.6222
3.92577;16.2841
3.40607;12.1825
14.8721;12.87
8.37206;12.8126
8.44563;34.6669
20.8319;35.0242
28.4258;20.8695
28.6684;8.30426
14.6465;17.159
8.89273;39.3474
18.638;86.1875
16.9495;117.061
37.5307;64.9033
13.9437;43.5163
1.12107;55.8515
2.00742;16.6116
1.11317;11.8193
8.62279;14.6895
16.5107;13.7467
7.15141;11.8708
2.18294;37.0464
1.61879;44.665
3.37492;22.4736
11.3457;15.9289
18.1027;12.4826
5.21053;7.95219
5.46895;12.558
20.4392;10.6958
7.98634;13.3519
2.30469;39.8973
17.9141;41.466
21.3554;30.5431
41.1287;34.8032
98.454;33.8014
44.5467;52.4691
10.5282;38.3442
1.48474;13.8451
11.5536;37.8118
16.4072;47.0083
5.0152;24.8957
5.13087;19.6643
13.894;14.2838
6.43886;25.2965
2.91117;20.2202
3.62139;10.2935
3.43419;13.2374
2.89682;9.80692
2.75791;11.5799
30.4581;33.5362
75.0985;47.9203
51.3233;56.6531
9.37711;36.4357
27.9053;33.0752
31.6026;39.9057
6.86231;39.3663
27.2795;64.3512
20.9942;56.337
14.4034;16.0762
34.5922;12.7738
19.1616;5.59462
8.92879;17.9331
13.3822;85.6986
11.2157;116.63
3.35704;61.6119
33.5732;38.9955
53.5427;43.1357
51.5737;16.8872
31.8478;6.29027
13.398;19.5382
1.18427;54.0123
6.92086;91.7004
3.68862;85.044
9.37539;73.3655
203.033;350.971
622.803;798.081
133.036;392.475
31.3625;35.2527
19.1122;16.6344
1.69337;18.114
0.889092;16.1337
3.17479;46.8924
4.77575;79.3885
4.38907;42.389
1.97037;25.7287
7.71046;20.7297
4.74297;49.1492
9.06278;80.1159
4.66005;62.7992
2.19719;27.904
16.7769;36.7891
16.6347;53.2613
47.0259;39.4868
12.6624;20.3466
14.0964;19.6547
18.5812;16.5034
4.80372;10.3965
11.0029;8.38422
22.4795;9.07354
8.162;5.25779
0.896168;5.13697
13.5955;8.18319
20.2212;18.7554
14.5356;16.6374
2.11641;10.9922
9.88888;11.1654
15.9993;24.98
0.101696;28.1912
8.98812;34.4222
0.995891;44.4223
23.5022;41.9889
33.3419;23.6027
26.9045;32.015
35.6089;54.6296
16.8117;82.9953
2.97197;85.4496
14.2027;127.306
15.7299;53.3191
24.2398;26.0801
16.8365;18.1433
1.23053;47.7894
5.95454;69.4318
9.09938;69.3742
11.5243;63.0334
20.3363;66.8825
1.77633;72.1735
15.5407;101.343
32.8486;55.953
13.2672;44.7592
4.12848;61.5089
15.3504;11.7018
11.9039;9.50523
11.2913;14.807
3.96314;26.6041
1.69425;13.4311
6.00258;11.8076
17.2324;18.9347
15.671;21.6285
5.93598;35.9465
19.656;37.9098
8.1226;17.3567
3.78496;13.4688
14.664;7.50775
7.89923;26.3448
1.15286;56.5239
5.94068;83.1773
6.03406;59.4483
25.6187;63.1815
24.9765;73.2959
12.2084;97.0117
2.96759;82.3115
0.464459;18.903
5.00376;12.0604
7.70549;36.1408
3.4167;32.0012
11.434;9.72654
38.6277;17.2025
21.7316;23.1225
0.085456;23.587
13.9893;47.6956
19.4091;114.365
9.33374;95.7392
16.7142;72.6038
12.9341;43.0494
19.219;24.5613
60.5916;35.0388
57.0756;62.9048
26.9663;55.6554
14.081;48.0794
13.1194;65.9529
3.16966;47.321
2.17653;38.9165
4.78679;51.1498
19.6368;65.4694
47.0916;80.2653
43.5617;45.2541
24.6156;22.1529
29.1382;60.4318
35.4151;28.2153
33.694;25.7078
19.0981;29.7998
29.0935;40.4946
7.53957;53.7092
11.3543;34.5306
6.00838;20.6328
1.65851;15.701
14.0929;35.7862
45.1621;47.7301
36.6891;14.2541
5.27146;27.2029
0.747207;84.2398
2.6802;103.643
4.27745;48.5307
15.8333;17.5114
12.9621;12.038
1.44096;11.4998
4.64678;44.7027
25.0215;54.0968
24.5873;55.2533
44.9943;44.1943
20.7309;19.8978
1.8506;7.72699
4.70165;2.65939
4.91436;3.80615
5.40761;29.3496
9.04722;49.3995
50.056;24.5556
72.9399;58.9062
33.8007;40.9251
14.8032;22.2177
7.45487;27.3035
3.84553;39.2088
5.31783;25.8989
5.85747;12.6585
2.13419;38.6762
0.695634;24.3723
0.634391;8.26637
1.63841;21.9872
12.519;42.5024
40.7511;92.9545
50.3621;39.295
21.4311;38.5154
15.7414;49.5241
36.9262;86.0103
49.8401;107.972
23.4874;79.6449
15.5427;24.8319
17.1935;14.5596
61.7992;25.6962
74.7406;104.943
1.84767;160.91
22.0717;116.599
15.2933;52.9298
14.4273;43.1894
13.1726;21.819
19.5287;41.3126
17.4995;41.698
2.25641;14.475
6.74877;4.63553
41.192;18.5966
70.9069;39.0543
53.0061;58.232
25.7406;37.557
13.6899;39.6087
12.6827;21.4934
0.280227;33.4687
33.0901;44.5412
59.7719;22.9267
26.1077;19.1081
0.454491;32.2174
6.22617;28.6001
4.20117;15.7072
5.85;8.13751
8.77909;11.6328
7.73667;25.5258
31.2358;41.0212
48.0489;28.2979
48.8462;22.3172
21.0635;33.9522
3.34485;39.6437
20.9789;36.9701
63.9137;44.0621
16.8482;30.3573
28.6621;10.035
13.9803;20.0829
4.61586;47.2121
8.90263;47.6854
4.01819;35.6743
5.0695;16.2761
4.37576;5.61437
6.50389;18.9855
17.2499;27.4427
8.78201;34.8968
5.70145;28.1163
15.8218;35.7624
40.8184;36.573
29.1681;27.419
9.64972;34.6289
9.77182;160.958
313.795;738.143
336.027;833.079
21.2759;241.26
6.2407;29.1023
21.9519;22.8408
69.2602;50.8512
28.7114;36.7728
8.69384;72.9488
9.95598;48.0205
7.9787;13.514
5.23414;10.241
1.65721;21.9955
12.9614;23.4388
27.5508;25.7309
3.91501;55.7224
5.78029;37.5329
12.9683;22.0924
6.19219;16.9893
3.36811;31.8788
11.0474;42.8149
4.94759;29.0799
3.91245;22.682
1.35457;16.2239
4.8286;9.05611
47.1684;26.7622
40.4852;23.575
21.0565;23.4935
26.2537;28.3926
13.0303;29.1563
9.29577;16.15
0.210488;12.0465
5.89422;33.5662
40.5241;27.3878
41.3705;11.3986
6.91253;15.9018
2.90496;14.8289
6.93837;34.3322
14.9409;28.5686
9.66698;43.8593
0.638993;63.4934
9.87503;65.9058
1.92203;28.9656
4.73322;7.81707
0.609631;24.6674
0.167802;48.3765
12.5023;46.2332
21.1583;47.8639
11.6289;51.9835
47.3962;64.3222
18.5557;45.2822
1.55856;17.0723
12.6471;15.16
24.3118;13.4438
58.63;17.9159
62.2847;12.7308
20.4672;42.6407
4.45563;41.2315
13.1254;26.7162
13.4223;50.9227
12.2094;59.8725
1.79253;45.135
1.64331;47.7781
6.92397;63.7378
22.8912;62.0823
22.491;37.1417
21.0364;15.9711
23.5589;34.2958
24.5408;49.9279
19.9254;47.7823
22.206;65.5001
21.6785;96.7659
6.311;56.4447
4.99529;24.4504
9.69933;27.9161
13.8888;51.9421
8.64874;39.9366
3.12161;26.5787
23.1648;10.0497
1.55035;21.9213
27.2115;54.5181
18.2878;68.8176
2.93013;37.9885
16.8526;12.8427
9.79229;16.1873
7.81575;49.5918
30.5151;63.8011
24.2181;29.9604
21.5355;19.6774
12.8286;22.6376
2.59235;19.4071
7.45486;23.3354
8.62844;40.5085
4.53455;32.9461
2.03249;47.6239
6.82551;71.7941
8.35979;31.7717
2.18041;58.5122
0.767304;54.5686
10.7165;63.168
11.3532;36.4092
4.35643;49.4556
274.093;526.369
1074.48;1253.38
482.732;480.557
14.3581;44.5516
0.766308;13.324
2.55585;8.44372
1.5637;13.2038
18.2024;25.1667
7.65435;27.4116
0.95357;15.8331
1.99449;9.9607
0.524793;9.6342
8.18966;18.2728
10.4192;20.0607
3.74238;8.15483
12.0817;9.60702
14.1799;24.5298
1.81163;14.2263
1.93463;7.3765
22.3566;11.8228
32.9873;10.7347
9.12371;41.3746
3.92449;48.92
1.15382;40.7934
9.85867;12.3538
15.3321;16.4808
17.2473;30.9973
19.0495;26.9488
15.0809;19.1114
8.61966;28.2012
1.08727;35.4732
30.458;60.5093
61.7036;66.1254
8.33819;37.6519
3.32656;84.1098
9.94989;100.912
0.949405;55.7496
32.4036;62.8674
34.2979;45.9788
1.21452;24.3874
30.571;16.555
36.7961;10.462
16.0847;8.31
17.9976;4.38238
30.0422;14.2974
14.7835;41.5827
3.58772;55.573
3.08429;27.925
2.44711;8.98152
15.7554;21.7404
35.1758;15.19
24.3444;12.9227
22.033;25.9488
58.1564;69.8871
21.2728;78.9061
3.075;52.5299
13.7354;26.7052
13.1767;17.036
10.005;32.9801
27.7367;26.8295
71.9549;30.8664
77.7352;34.6964
54.5047;38.074
63.1864;69.3096
68.7095;92.9032
57.3441;95.2245
46.7868;45.5591
15.5871;16.7023
1.15931;29.6431
15.0784;53.3106
22.154;17.321
6.11325;37.922
26.3543;61.5574
25.0138;30.7808
16.8132;15.8026
0.482402;31.3465
18.1026;59.0229
13.7309;53.0156
9.93636;41.8793
6.33806;41.2414
10.4113;24.2992
2.77932;25.5635
6.80883;56.8573
18.8892;50.7537
23.5142;18.4614
19.3962;15.5292
5.53274;24.64
3.95183;18.9461
5.06772;23.0133
9.56188;25.8208
4.15903;21.0732
3.70902;8.62809
17.0102;6.87214
5.03891;15.9746
3.22751;28.6332
5.6659;51.6861
0.0724261;48.966
7.2559;34.7792
1.72956;17.3564
4.48026;24.9573
10.1833;34.2014
7.31;23.0722
0.279892;15.4228
28.5028;21.3827
86.3698;13.7586
66.5131;18.9473
21.5439;22.5996
15.311;24.6927
30.3105;24.3911
35.9611;19.7325
10.0644;11.1152
2.04665;19.6974
3.22518;32.8563
2.1189;14.3767
3.58603;9.48658
12.6223;16.0525
12.0257;33.0822
2.46492;68.6843
0.370562;129.875
4.31328;71.6808
24.8332;50.0933
19.7004;31.4404
8.5624;37.9325
5.42141;34.6271
0.684579;24.3427
6.88208;32.3376
8.13583;37.1556
3.06303;59.3762
39.9354;41.8678
79.2903;27.0418
67.6297;30.6124
22.9839;17.6528
28.8208;12.8659
15.5877;16.6222
1.9578;16.2841
12.7118;12.1825
29.5101;14.8721
17.806;12.8126
23.0873;34.6669
26.2959;35.0242
4.94472;28.4258
46.0469;28.6684
57.4739;17.159
38.2368;39.3474
23.1032;86.1875
30.7471;117.061
38.4266;64.9033
25.9743;43.5163
15.4327;55.8515
9.97633;16.6116
1.08281;11.8193
6.18546;14.6895
13.2056;16.5107
1.90016;11.8708
0.794717;37.0464
0.500174;44.665
0.302769;22.4736
1.88655;15.9289
17.5615;18.1027
14.3091;7.95219
10.1429;12.558
50.657;20.4392
38.724;13.3519
25.3668;39.8973
22.5012;41.466
6.27378;30.5431
47.7378;41.1287
71.7103;98.454
55.7462;52.4691
33.8589;38.3442
24.5095;13.8451
31.8159;37.8118
20.227;47.0083
1.91965;24.8957
22.1504;19.6643
29.9568;14.2838
15.4559;25.2965
8.46155;20.2202
11.3696;10.2935
3.63701;13.2374
6.19825;9.80692
2.8861;11.5799
27.5436;33.5362
45.9066;75.0985
6.6846;56.6531
56.7191;36.4357
26.3834;33.0752
6.21904;39.9057
17.9152;39.3663
0.529861;64.3512
12.4746;56.337
41.9603;16.0762
176.099;34.5922
70.7355;19.1616
2.70189;17.9331
8.45469;85.6986
9.61583;116.63
23.3428;61.6119
40.263;38.9955
21.8802;53.5427
26.3696;51.5737
0.87964;31.8478
22.8115;19.5382
20.1488;54.0123
5.73458;91.7004
1.63435;85.044
2.73357;73.3655
284.889;350.971
1044.93;798.081
650.622;392.475
115.735;35.2527
54.5661;19.1122
30.565;18.114
4.08222;16.1337
0.550166;46.8924
3.67952;79.3885
7.11552;42.389
13.659;25.7287
22.2734;20.7297
11.3302;49.1492
2.51572;80.1159
22.7042;62.7992
35.906;27.904
48.0983;36.7891
58.5027;53.2613
95.8745;47.0259
59.6027;20.3466
10.5789;19.6547
16.6906;18.5812
18.8646;10.3965
25.3776;11.0029
24.0322;22.4795
7.91195;8.162
11.7098;5.13697
29.1237;13.5955
43.0031;20.2212
37.6985;16.6374
9.94514;10.9922
5.87648;11.1654
27.7144;24.98
36.131;28.1912
20.6052;34.4222
1.98584;44.4223
6.80612;41.9889
7.01458;33.3419
0.474484;32.015
3.03749;54.6296
3.92132;82.9953
0.680559;85.4496
5.49149;127.306
4.66021;53.3191
6.23145;26.0801
2.92259;18.1433
8.54643;47.7894
1.79327;69.4318
0.634386;69.3742
0.852683;63.0334
6.83259;66.8825
21.2171;72.1735
25.8491;101.343
38.5848;55.953
29.9869;44.7592
20.0132;61.5089
22.736;15.3504
7.82368;11.9039
6.21083;14.807
0.808185;26.6041
2.20053;13.4311
11.7814;11.8076
7.38328;18.9347
3.63607;21.6285
5.18125;35.9465
14.2518;37.9098
46.8521;17.3567
42.6576;13.4688
5.28044;14.664
7.31124;26.3448
13.2763;56.5239
8.6171;83.1773
6.72058;59.4483
6.40433;63.1815
1.46726;73.2959
0.554285;97.0117
0.894139;82.3115
1.18945;18.903
5.5903;12.0604
12.0414;36.1408
13.543;32.0012
0.401086;11.434
34.6746;38.6277
47.8965;23.1225
18.3794;23.587
4.9069;47.6956
1.9134;114.365
8.48211;95.7392
12.3922;72.6038
8.474;43.0494
15.0874;24.5613
29.3335;60.5916
3.56226;62.9048
11.8544;55.6554
0.285344;48.0794
23.3467;65.9529
39.7384;47.321
46.5766;38.9165
61.1257;51.1498
48.2847;65.4694
42.7612;80.2653
43.7412;45.2541
8.39508;24.6156
7.11599;60.4318
2.09447;35.4151
29.7868;33.694
38.5098;29.7998
8.79142;40.4946
12.2671;53.7092
23.198;34.5306
16.7887;20.6328
8.20647;15.701
0.996845;35.7862
18.2879;47.7301
33.7004;36.6891
8.48187;27.2029
4.01886;84.2398
4.29992;103.643
17.1367;48.5307
15.0307;17.5114
2.07455;12.9621
3.18348;11.4998
14.9696;44.7027
17.2593;54.0968
8.88692;55.2533
14.4691;44.9943
10.9597;20.7309
8.16346;7.72699
10.4007;4.70165
3.37183;4.91436
0.813089;29.3496
2.74399;49.3995
46.9717;50.056
102.932;72.9399
20.7356;40.9251
16.5907;22.2177
35.9694;27.3035
36.8232;39.2088
44.9412;25.8989
34.9241;12.6585
14.044;38.6762
2.98296;24.3723
1.71755;8.26637
1.38849;21.9872
3.87186;42.5024
0.369606;92.9545
22.0824;50.3621
12.3475;38.5154
5.46801;49.5241
9.39372;86.0103
62.8468;107.972
38.0928;79.6449
6.30235;24.8319
15.9084;17.1935
24.9278;61.7992
24.1432;104.943
40.3125;160.91
44.3824;116.599
32.8474;52.9298
13.6605;43.1894
13.9146;21.819
25.4632;41.3126
11.8368;41.698
0.337809;14.475
2.16519;6.74877
13.3601;41.192
11.6873;70.9069
0.494815;58.232
17.2045;37.557
45.1415;39.6087
34.0429;21.4934
16.4505;33.4687
11.8124;44.5412
17.6441;59.7719
14.8242;26.1077
9.93149;32.2174
6.78779;28.6001
3.49117;15.7072
6.39138;8.13751
13.4829;11.6328
11.5254;25.5258
16.809;41.0212
39.5306;48.0489
15.4432;48.8462
7.0994;33.9522
22.78;39.6437
50.2572;36.9701
92.7213;63.9137
90.9351;30.3573
44.4457;28.6621
8.82835;20.0829
8.03785;47.2121
5.78968;47.6854
9.33675;35.6743
6.99107;16.2761
6.22217;5.61437
19.3844;18.9855
20.6679;27.4427
19.7675;34.8968
37.1668;28.1163
45.6127;35.7624
22.4976;40.8184
1.27876;29.1681
9.49707;34.6289
81.7443;160.958
450.867;738.143
463.879;833.079
99.7515;241.26
30.1401;29.1023
55.5067;22.8408
79.0249;69.2602
18.9912;36.7728
2.52108;72.9488
0.818062;48.0205
1.57198;13.514
0.3444;10.241
8.25525;21.9955
20.8296;23.4388
16.174;27.5508
7.82792;55.7224
4.43653;37.5329
5.76796;22.0924
2.34629;16.9893
1.20097;31.8788
7.93587;42.8149
13.7176;29.0799
29.4016;22.682
33.2358;16.2239
41.1177;9.05611
47.7449;47.1684
21.8303;40.4852
11.6713;23.4935
23.4095;28.3926
33.8302;29.1563
21.6039;16.15
9.33968;12.0465
12.7035;33.5662
31.035;40.5241
43.1842;41.3705
15.7282;15.9018
7.48529;14.8289
2.77039;34.3322
7.74943;28.5686
23.1402;43.8593
17.7257;63.4934
4.22087;65.9058
20.2652;28.9656
26.4196;7.81707
13.5053;24.6674
11.3814;48.3765
21.854;46.2332
31.5008;47.8639
33.2942;51.9835
42.9086;64.3222
53.5286;45.2822
54.1092;17.0723
74.3815;15.16
54.8617;24.3118
22.2148;58.63
19.7902;62.2847
7.4436;42.6407
13.4317;41.2315
40.629;26.7162
46.6401;50.9227
18.6103;59.8725
0.691859;45.135
1.70787;47.7781
2.90291;63.7378
0.696991;62.0823
0.21951;37.1417
0.853769;21.0364
5.61948;34.2958
1.21224;49.9279
1.9043;47.7823
3.25893;65.5001
0.559407;96.7659
5.79571;56.4447
3.51768;24.4504
0.285999;27.9161
2.59694;51.9421
10.2035;39.9366
29.4082;26.5787
29.9252;23.1648
22.1932;21.9213
41.0279;54.5181
15.3645;68.8176
1.64367;37.9885
12.8504;16.8526
4.43258;16.1873
16.2438;49.5918
24.5516;63.8011
14.8594;29.9604
4.71944;21.5355
12.334;22.6376
5.84119;19.4071
0.198107;23.3354
2.56365;40.5085
1.45975;32.9461
0.362465;47.6239
3.09658;71.7941
4.9995;31.7717
10.0921;58.5122
23.794;54.5686
33.3933;63.168
22.7625;36.4092
18.0568;49.4556
321.51;526.369
1076.79;1253.38
407.243;482.732
6.1802;44.5516
0.376915;13.324
4.1191;8.44372
18.9582;13.2038
31.5326;25.1667
14.9341;27.4116
9.66391;15.8331
12.647;9.9607
8.68636;9.6342
14.5623;18.2728
25.0129;20.0607
18.4504;8.15483
34.9231;12.0817
19.1463;24.5298
2.36587;14.2263
4.04347;7.3765
19.5085;22.3566
27.6725;32.9873
10.6844;41.3746
5.01238;48.92
11.9567;40.7934
33.422;12.3538
24.946;16.4808
2.60572;30.9973
3.07601;26.9488
5.44355;19.1114
2.94218;28.2012
11.8419;35.4732
33.9911;60.5093
50.442;66.1254
18.3207;37.6519
0.143483;84.1098
8.97943;100.912
15.5976;55.7496
28.6293;62.8674
24.719;45.9788
10.2793;24.3874
17.5733;30.571
12.3909;36.7961
0.911819;16.0847
6.35203;17.9976
20.525;30.0422
3.0938;41.5827
0.591338;55.573
3.88846;27.925
2.29883;8.98152
10.5184;21.7404
13.7242;35.1758
1.08499;24.3444
7.00669;25.9488
36.8292;69.8871
32.8765;78.9061
10.0909;52.5299
0.418209;26.7052
11.7014;17.036
13.9398;32.9801
3.27663;27.7367
20.249;71.9549
17.3403;77.7352
12.9337;54.5047
4.65471;69.3096
8.2524;92.9032
0.794959;95.2245
5.41302;46.7868
4.31225;16.7023
10.4888;29.6431
5.59651;53.3106
1.72601;22.154
46.1061;37.922
80.5136;61.5574
69.0465;30.7808
55.6439;16.8132
45.3059;31.3465
27.8101;59.0229
6.52643;53.0156
4.19783;41.8793
18.2366;41.2414
36.4972;24.2992
27.4543;25.5635
17.4251;56.8573
3.7417;50.7537
19.5546;23.5142
15.9103;19.3962
1.9228;24.64
0.913009;18.9461
0.149417;23.0133
5.71474;25.8208
26.2031;21.0732
23.2614;8.62809
4.74043;17.0102
10.2695;15.9746
10.1156;28.6332
4.28445;51.6861
16.2458;48.966
13.6304;34.7792
2.61161;17.3564
1.97396;24.9573
18.9283;34.2014
17.6976;23.0722
0.7227;15.4228
18.6552;28.5028
70.5645;86.3698
49.6607;66.5131
4.39214;22.5996
12.6792;24.6927
0.969672;30.3105
14.7011;35.9611
27.0404;11.1152
21.7331;19.6974
23.3281;32.8563
4.54503;14.3767
4.67049;9.48658
6.47812;16.0525
0.396389;33.0822
2.55842;68.6843
0.40058;129.875
3.30577;71.6808
4.0086;50.0933
7.81213;31.4404
3.86886;37.9325
4.60867;34.6271
0.989161;24.3427
8.43386;32.3376
26.4151;37.1556
14.5047;59.3762
2.6489;41.8678
33.3528;79.2903
39.8806;67.6297
64.3424;22.9839
67.7732;28.8208
9.04026;16.6222
12.3016;16.2841
22.6765;12.7118
11.0994;29.5101
3.05016;17.806
8.5916;34.6669
31.8325;35.0242
41.3775;28.4258
26.1353;46.0469
2.66308;57.4739
4.04506;39.3474
0.336948;86.1875
2.98442;117.061
10.8004;64.9033
2.68849;43.5163
48.0435;55.8515
36.3449;16.6116
1.08124;11.8193
6.41504;14.6895
10.6897;16.5107
8.49437;11.8708
2.20814;37.0464
3.57411;44.665
3.20437;22.4736
0.681422;15.9289
20.2917;18.1027
42.1032;14.3091
35.9943;12.558
45.9506;50.657
56.8101;38.724
34.8738;39.8973
9.93837;41.466
14.1689;30.5431
19.3954;47.7378
2.42345;98.454
5.28463;55.7462
0.446688;38.3442
19.0651;24.5095
13.9549;37.8118
3.27225;47.0083
22.0803;24.8957
49.601;22.1504
30.3984;29.9568
13.9276;25.2965
53.7422;20.2202
32.4069;11.3696
3.82469;13.2374
6.60875;9.80692
24.9677;11.5799
35.0617;33.5362
47.0913;75.0985
77.7331;56.6531
90.3047;56.7191
48.3758;33.0752
21.0584;39.9057
11.3264;39.3663
5.78264;64.3512
18.1739;56.337
70.1251;41.9603
107.071;176.099
10.0692;70.7355
0.351672;17.9331
0.568516;85.6986
2.73408;116.63
7.78996;61.6119
31.4811;40.263
29.4893;53.5427
45.4132;51.5737
50.0949;31.8478
33.4715;22.8115
9.61651;54.0123
0.609777;91.7004
8.05211;85.044
37.132;73.3655
337.879;350.971
1009.62;1044.93
516.776;650.622
67.8559;115.735
54.6165;54.5661
78.6093;30.565
27.8867;16.1337
11.9665;46.8924
26.256;79.3885
28.5114;42.389
8.70335;25.7287
14.5552;22.2734
28.9014;49.1492
42.5613;80.1159
28.7244;62.7992
6.82821;35.906
53.1091;48.0983
26.608;58.5027
42.969;95.8745
32.0985;59.6027
5.62235;19.6547
8.8311;18.5812
19.4682;18.8646
3.49698;25.3776
13.3298;24.0322
19.3392;8.162
33.062;11.7098
6.98819;29.1237
4.8767;43.0031
8.86126;37.6985
20.3637;10.9922
9.89024;11.1654
3.77574;27.7144
18.4564;36.131
26.6386;34.4222
14.9167;44.4223
16.7563;41.9889
35.1821;33.3419
28.3573;32.015
23.9498;54.6296
12.9653;82.9953
1.01327;85.4496
5.71256;127.306
15.6295;53.3191
26.348;26.0801
40.3535;18.1433
50.7453;47.7894
23.1794;69.4318
8.37328;69.3742
3.06764;63.0334
9.63731;66.8825
20.5546;72.1735
3.74461;101.343
11.7565;55.953
8.11459;44.7592
0.426632;61.5089
18.1942;22.736
18.5639;11.9039
15.5192;14.807
8.91748;26.6041
1.6893;13.4311
16.4867;11.8076
19.1615;18.9347
13.3668;21.6285
13.9155;35.9465
19.9165;37.9098
83.4586;46.8521
64.9109;42.6576
29.1852;14.664
19.2085;26.3448
1.13807;56.5239
3.49378;83.1773
1.44558;59.4483
3.81794;63.1815
1.48082;73.2959
7.53998;97.0117
10.9297;82.3115
7.94323;18.903
1.23217;12.0604
3.48571;36.1408
3.44217;32.0012
27.5235;11.434
59.9173;38.6277
33.6407;47.8965
0.969532;23.587
6.17502;47.6956
7.86092;114.365
5.31035;95.7392
13.1634;72.6038
5.78546;43.0494
12.6039;24.5613
23.4796;60.5916
20.1127;62.9048
19.4997;55.6554
14.279;48.0794
20.3285;65.9529
56.6097;47.321
44.9263;46.5766
24.1369;61.1257
8.74758;65.4694
3.53015;80.2653
19.6963;45.2541
30.4609;24.6156
15.1473;60.4318
0.167243;35.4151
27.6361;33.694
26.4825;38.5098
4.20365;40.4946
5.65834;53.7092
19.369;34.5306
60.8208;20.6328
80.2782;15.701
32.8991;35.7862
1.9722;47.7301
39.7857;36.6891
33.8024;27.2029
30.0358;84.2398
39.357;103.643
21.9059;48.5307
6.83789;17.5114
0.703005;12.9621
3.13719;11.4998
9.61424;44.7027
5.64302;54.0968
7.96815;55.2533
0.0574417;44.9943
3.10383;20.7309
6.71639;8.16346
29.8796;10.4007
16.7537;4.91436
1.55672;29.3496
2.78459;49.3995
51.2498;50.056
98.3595;102.932
41.4761;40.9251
32.2927;22.2177
19.3573;35.9694
3.25037;39.2088
21.3054;44.9412
13.6017;34.9241
2.9942;38.6762
6.14487;24.3723
1.19956;8.26637
3.08016;21.9872
2.48353;42.5024
7.2728;92.9545
24.1611;50.3621
46.5313;38.5154
48.691;49.5241
56.6748;86.0103
44.9966;107.972
5.0234;79.6449
3.12055;24.8319
3.49286;17.1935
0.821597;61.7992
2.87299;104.943
13.4965;160.91
6.93248;116.599
0.829021;52.9298
6.26749;43.1894
5.84692;21.819
2.34332;41.3126
8.13609;41.698
1.28411;14.475
0.673854;6.74877
1.92325;41.192
3.06357;70.9069
2.84958;58.232
11.2841;37.557
10.1016;45.1415
2.80231;34.0429
5.62246;33.4687
5.96219;44.5412
5.89956;59.7719
5.0556;26.1077
1.82048;32.2174
2.88449;28.6001
1.10224;15.7072
6.42022;8.13751
30.5607;13.4829
23.4826;25.5258
12.2374;41.0212
21.9274;48.0489
6.20597;48.8462
5.95906;33.9522
11.0883;39.6437
3.38461;50.2572
16.0945;92.7213
4.22164;90.9351
15.4623;44.4457
9.58489;20.0829
6.78114;47.2121
2.37983;47.6854
1.65432;35.6743
6.47503;16.2761
10.0681;6.22217
6.90825;19.3844
0.667381;27.4427
0.365588;34.8968
10.7863;37.1668
15.3723;45.6127
0.531268;40.8184
11.408;29.1681
6.9739;34.6289
74.0946;160.958
579.133;738.143
462.89;833.079
28.9718;241.26
15.5479;30.1401
22.3177;55.5067
58.8966;79.0249
30.5136;36.7728
2.26438;72.9488
0.466242;48.0205
0.00945628;13.514
2.23391;10.241
5.63519;21.9955
3.33529;23.4388
0.930762;27.5508
0.0324498;55.7224
0.272965;37.5329
3.03892;22.0924
11.4087;16.9893
10.1167;31.8788
1.14405;42.8149
24.9535;29.0799
53.9735;29.4016
14.4786;33.2358
16.3673;41.1177
19.4691;47.7449
0.863313;40.4852
10.0224;23.4935
1.37285;28.3926
14.0272;33.8302
7.62601;21.6039
0.0452683;12.0465
1.82013;33.5662
4.07877;40.5241
43.225;43.1842
17.8258;15.9018
19.7655;14.8289
29.9695;34.3322
1.27259;28.5686
19.5155;43.8593
29.5515;63.4934
19.9925;65.9058
36.2264;28.9656
30.6131;26.4196
1.11324;24.6674
11.7654;48.3765
0.754029;46.2332
19.995;47.8639
24.663;51.9835
7.37185;64.3222
20.4784;53.5286
91.3206;54.1092
85.0376;74.3815
13.6275;54.8617
0.19526;58.63
6.43174;62.2847
10.5248;42.6407
20.6966;41.2315
17.0494;40.629
10.6783;50.9227
2.56476;59.8725
10.1123;45.135
19.1672;47.7781
11.7289;63.7378
4.80648;62.0823
8.78244;37.1417
18.3698;21.0364
38.5515;34.2958
53.3057;49.9279
50.5187;47.7823
21.9052;65.5001
4.48843;96.7659
3.97366;56.4447
13.1498;24.4504
11.7925;27.9161
3.2512;51.9421
1.66633;39.9366
16.7778;29.4082
25.9776;29.9252
19.6598;22.1932
53.484;54.5181
49.761;68.8176
35.9637;37.9885
33.5219;16.8526
22.9781;16.1873
15.5026;49.5918
0.886379;63.8011
7.07247;29.9604
8.36627;21.5355
15.4657;22.6376
15.8472;19.4071
5.46902;23.3354
1.12018;40.5085
2.84612;32.9461
2.25385;47.6239
1.80776;71.7941
0.778356;31.7717
9.93905;58.5122
64.1618;54.5686
54.4618;63.168
7.95603;36.4092
50.0483;49.4556
482.116;526.369
1170.99;1253.38
461.916;482.732
37.7885;44.5516
11.0617;13.324
6.7155;8.44372
14.1331;18.9582
22.5523;31.5326
8.68817;27.4116
17.5814;15.8331
15.93;12.647
0.558177;9.6342
1.60415;18.2728
17.1648;25.0129
62.1257;18.4504
35.7394;34.9231
11.3153;24.5298
10.7597;14.2263
4.50835;7.3765
8.87525;22.3566
5.17155;32.9873
1.02038;41.3746
1.30164;48.92
2.92272;40.7934
25.2139;33.422
32.857;24.946
13.8136;30.9973
10.4487;26.9488
20.8192;19.1114
10.964;28.2012
0.436405;35.4732
4.31851;60.5093
8.67981;66.1254
18.6849;37.6519
12.9332;84.1098
8.91683;100.912
3.33886;55.7496
12.2372;62.8674
0.865453;45.9788
6.31828;24.3874
23.5837;30.571
34.0296;36.7961
18.1421;16.0847
18.8265;17.9976
10.5912;30.0422
19.8566;41.5827
27.6827;55.573
12.8521;27.925
1.33099;8.98152
18.436;21.7404
7.38951;35.1758
6.83681;24.3444
25.1172;25.9488
25.6665;69.8871
8.04826;78.9061
0.90085;52.5299
5.17923;26.7052
23.3068;17.036
33.2328;32.9801
16.6656;27.7367
0.483745;71.9549
1.65926;77.7352
2.96586;54.5047
5.68783;69.3096
4.06956;92.9032
14.8783;95.2245
22.5693;46.7868
17.8115;16.7023
8.17966;29.6431
5.89195;53.3106
37.1166;22.154
54.9306;46.1061
15.6529;80.5136
1.53948;69.0465
3.38875;55.6439
12.5207;45.3059
13.7217;59.0229
0.593283;53.0156
2.962;41.8793
13.4415;41.2414
32.0326;36.4972
4.88859;27.4543
9.14307;56.8573
25.3376;50.7537
30.0086;23.5142
19.1768;19.3962
6.82744;24.64
4.56289;18.9461
5.0754;23.0133
19.3694;25.8208
29.6588;26.2031
15.0741;23.2614
8.18063;17.0102
8.30047;15.9746
14.2473;28.6332
26.4178;51.6861
29.6567;48.966
11.4168;34.7792
2.39476;17.3564
4.83073;24.9573
18.631;34.2014
40.7222;23.0722
29.1413;15.4228
5.98218;28.5028
13.6089;86.3698
12.2866;66.5131
29.5067;22.5996
9.52469;24.6927
3.50611;30.3105
23.5219;35.9611
25.5252;27.0404
26.7832;21.7331
30.0011;32.8563
26.9729;14.3767
18.9144;9.48658
6.80545;16.0525
9.61895;33.0822
11.8838;68.6843
8.39676;129.875
10.388;71.6808
9.83861;50.0933
13.6206;31.4404
21.1187;37.9325
24.2884;34.6271
10.0216;24.3427
8.79134;32.3376
34.8006;37.1556
27.5942;59.3762
9.31808;41.8678
2.50557;79.2903
2.3229;67.6297
16.6531;64.3424
63.0545;67.7732
62.9518;16.6222
33.2269;16.2841
1.03218;22.6765
5.85584;29.5101
4.18678;17.806
5.86952;34.6669
6.53003;35.0242
0.0809468;41.3775
16.7529;46.0469
10.9783;57.4739
6.27869;39.3474
4.03459;86.1875
2.56471;117.061
6.91097;64.9033
30.0053;43.5163
80.3547;55.8515
91.7029;36.3449
45.1694;11.8193
13.6876;14.6895
8.30715;16.5107
20.9586;11.8708
8.99272;37.0464
6.12792;44.665
5.70832;22.4736
4.56895;15.9289
22.6901;20.2917
27.2503;42.1032
4.1835;35.9943
6.29772;50.657
4.31037;56.8101
20.9778;39.8973
10.5687;41.466
8.46105;30.5431
2.39543;47.7378
7.96867;98.454
2.20851;55.7462
16.5737;38.3442
37.23;24.5095
24.3646;37.8118
4.01665;47.0083
2.19793;24.8957
20.0802;49.601
36.3451;30.3984
57.6049;25.2965
67.2944;53.7422
18.0617;32.4069
0.93939;13.2374
7.89982;9.80692
7.56089;24.9677
1.66183;35.0617
2.97084;75.0985
2.72263;77.7331
25.8671;90.3047
12.0991;48.3758
2.19568;39.9057
6.0332;39.3663
5.15836;64.3512
4.15983;56.337
16.616;70.1251
44.3906;176.099
6.83024;70.7355
5.04059;17.9331
17.4137;85.6986
8.8645;116.63
3.03298;61.6119
6.36152;40.263
35.5257;53.5427
42.5416;51.5737
8.53102;50.0949
15.7871;33.4715
5.47682;54.0123
7.97769;91.7004
16.474;85.044
12.6875;73.3655
203.837;350.971
758.871;1044.93
214.053;650.622
22.5291;115.735
20.3524;54.6165
31.4462;78.6093
36.7845;27.8867
13.1328;46.8924
11.2223;79.3885
25.4984;42.389
7.78052;25.7287
2.57048;22.2734
0.252745;49.1492
18.865;80.1159
37.8381;62.7992
43.952;35.906
41.9178;53.1091
21.5914;58.5027
26.1163;95.8745
15.6439;59.6027
1.17946;19.6547
1.41536;18.5812
3.76529;19.4682
18.005;25.3776
35.8581;24.0322
55.3978;19.3392
51.7764;33.062
43.3549;29.1237
47.6459;43.0031
59.9949;37.6985
85.2978;20.3637
29.0724;11.1654
1.84459;27.7144
0.645166;36.131
4.43267;34.4222
7.28533;44.4223
8.4848;41.9889
47.9033;35.1821
55.6975;32.015
20.3849;54.6296
12.2939;82.9953
16.1446;85.4496
17.7627;127.306
2.97127;53.3191
24.2545;26.348
48.7467;40.3535
59.8843;50.7453
51.588;69.4318
19.8924;69.3742
2.83174;63.0334
21.1473;66.8825
26.0463;72.1735
14.2;101.343
12.621;55.953
5.12478;44.7592
20.223;61.5089
42.6696;22.736
29.5903;18.5639
12.1702;15.5192
5.8466;26.6041
26.9061;13.4311
33.7308;16.4867
13.0399;19.1615
4.28251;21.6285
5.29042;35.9465
69.4426;37.9098
89.4332;83.4586
15.4147;64.9109
2.46367;29.1852
11.5068;26.3448
16.5389;56.5239
20.9198;83.1773
13.538;59.4483
4.677;63.1815
7.40948;73.2959
17.9526;97.0117
21.5902;82.3115
22.7261;18.903
8.59754;12.0604
2.06842;36.1408
6.66165;32.0012
26.4463;27.5235
14.3661;59.9173
11.5205;47.8965
8.1896;23.587
0.609946;47.6956
4.34181;114.365
2.15125;95.7392
4.2071;72.6038
25.8442;43.0494
23.6982;24.5613
0.214384;60.5916
6.44538;62.9048
5.06749;55.6554
7.71221;48.0794
8.26277;65.9529
18.456;56.6097
11.0623;46.5766
5.57442;61.1257
6.16004;65.4694
0.495559;80.2653
5.11076;45.2541
1.49319;30.4609
10.1926;60.4318
24.977;35.4151
32.3722;33.694
24.7988;38.5098
8.39254;40.4946
6.61497;53.7092
3.48464;34.5306
26.1099;60.8208
70.0724;80.2782
93.9383;35.7862
47.03;47.7301
36.3299;39.7857
28.8721;33.8024
20.285;84.2398
15.4563;103.643
3.86553;48.5307
1.32194;17.5114
11.8411;12.9621
23.8494;11.4998
24.7468;44.7027
17.5156;54.0968
16.2149;55.2533
7.23249;44.9943
8.43117;20.7309
26.5587;8.16346
25.2078;29.8796
18.1614;16.7537
10.7098;29.3496
10.9152;49.3995
45.1789;51.2498
47.6256;102.932
11.0857;41.4761
13.136;32.2927
16.6175;35.9694
2.43037;39.2088
4.04567;44.9412
25.802;34.9241
39.0352;38.6762
39.9865;24.3723
24.5575;8.26637
10.0453;21.9872
3.00542;42.5024
0.921269;92.9545
5.52524;50.3621
3.3687;46.5313
21.4914;49.5241
32.7561;86.0103
11.345;107.972
9.46986;79.6449
13.1872;24.8319
12.5179;17.1935
9.45375;61.7992
15.2133;104.943
4.70586;160.91
1.23659;116.599
4.10431;52.9298
0.80352;43.1894
3.18254;21.819
6.02502;41.3126
11.6304;41.698
11.0923;14.475
10.3888;6.74877
20.5402;41.192
35.7883;70.9069
27.4124;58.232
5.28196;37.557
4.198;45.1415
2.51988;34.0429
3.2423;33.4687
13.8196;44.5412
30.4586;59.7719
40.2671;26.1077
33.2494;32.2174
15.1269;28.6001
0.212831;15.7072
13.4242;8.13751
23.9313;30.5607
5.32345;25.5258
10.6394;41.0212
28.8946;48.0489
11.9531;48.8462
5.61976;33.9522
9.24478;39.6437
7.29028;50.2572
4.38541;92.7213
8.44744;90.9351
11.0865;44.4457
1.87407;20.0829
10.1769;47.2121
26.671;47.6854
21.1982;35.6743
29.5044;16.2761
19.5218;10.0681
7.37391;19.3844
6.21987;27.4427
5.43373;34.8968
13.0603;37.1668
42.6364;45.6127
37.6964;40.8184
27.2155;29.1681
2.22841;34.6289
134.3;160.958
751.802;738.143
518.885;833.079
41.864;241.26
0.00872788;30.1401
3.15258;55.5067
30.992;79.0249
38.251;36.7728
8.64058;72.9488
6.87899;48.0205
7.95959;13.514
7.42845;10.241
2.82836;21.9955
1.06187;23.4388
2.6585;27.5508
1.96491;55.7224
2.99866;37.5329
9.02997;22.0924
22.3134;16.9893
47.1644;31.8788
54.5204;42.8149
33.9142;29.0799
5.75766;53.9735
33.917;33.2358
36.6622;41.1177
25.2111;47.7449
14.4907;40.4852
1.95565;23.4935
9.0144;28.3926
35.328;33.8302
26.589;21.6039
12.5503;12.0465
21.8336;33.5662
46.5336;40.5241
59.7516;43.225
74.5625;17.8258
89.3665;19.7655
75.2253;34.3322
44.1631;28.5686
18.6338;43.8593
4.4462;63.4934
2.43373;65.9058
7.98282;36.2264
32.091;30.6131
42.7413;24.6674
31.3356;48.3765
10.88;46.2332
10.4807;47.8639
1.45886;51.9835
7.92672;64.3222
28.9039;53.5286
10.2923;91.3206
14.8138;85.0376
39.7218;54.8617
28.5585;58.63
27.162;62.2847
13.1697;42.6407
6.48573;41.2315
4.56864;40.629
5.47626;50.9227
15.6846;59.8725
29.8956;45.135
33.1213;47.7781
37.3375;63.7378
41.7847;62.0823
13.572;37.1417
5.15279;21.0364
34.6644;38.5515
62.2606;53.3057
86.139;50.5187
23.2446;65.5001
0.266448;96.7659
2.06161;56.4447
14.3475;24.4504
25.2168;27.9161
21.9976;51.9421
16.5307;39.9366
13.2838;29.4082
1.54274;29.9252
30.0491;22.1932
23.3223;54.5181
3.24048;68.8176
11.5821;37.9885
11.7176;33.5219
8.05883;22.9781
30.5109;49.5918
26.0996;63.8011
6.04415;29.9604
2.36215;21.5355
4.18021;22.6376
2.78171;19.4071
11.7775;23.3354
8.14452;40.5085
7.95522;32.9461
6.55976;47.6239
7.83454;71.7941
12.8064;31.7717
47.8132;58.5122
84.2762;64.1618
27.9602;63.168
15.0154;36.4092
16.6196;50.0483
324.628;526.369
1002.31;1253.38
371.248;482.732
19.3406;44.5516
25.7536;13.324
7.20267;8.44372
1.67049;18.9582
4.84544;31.5326
5.57028;27.4116
12.894;17.5814
14.7599;15.93
3.05498;9.6342
1.60989;18.2728
10.8471;25.0129
49.9248;62.1257
42.7579;35.7394
12.0335;24.5298
2.45682;14.2263
9.21475;7.3765
7.02509;22.3566
1.65021;32.9873
3.79924;41.3746
3.58007;48.92
2.29213;40.7934
5.41571;33.422
8.43972;32.857
24.0325;30.9973
44.7782;26.9488
43.505;20.8192
16.87;28.2012
2.31775;35.4732
3.97134;60.5093
9.87247;66.1254
5.31135;37.6519
0.373277;84.1098
3.18224;100.912
17.007;55.7496
14.1524;62.8674
7.38676;45.9788
27.4299;24.3874
84.4004;30.571
58.6831;36.7961
0.487373;18.1421
16.2591;18.8265
12.7901;30.0422
28.2041;41.5827
75.0717;55.573
67.0604;27.925
37.0929;8.98152
32.7977;21.7404
20.3789;35.1758
19.9013;24.3444
23.2137;25.9488
8.03553;69.8871
1.21647;78.9061
5.71226;52.5299
10.92;26.7052
1.84408;23.3068
11.4405;33.2328
9.16877;27.7367
1.7909;71.9549
7.65041;77.7352
9.50121;54.5047
18.944;69.3096
23.7894;92.9032
52.9238;95.2245
52.3068;46.7868
7.09671;17.8115
5.23401;29.6431
24.9023;53.3106
62.7278;37.1166
38.1648;54.9306
1.95175;80.5136
23.5451;69.0465
37.6443;55.6439
33.9832;45.3059
17.3659;59.0229
5.03015;53.0156
9.14444;41.8793
27.3449;41.2414
17.7296;36.4972
2.20074;27.4543
31.0563;56.8573
39.1825;50.7537
6.76908;30.0086
2.59532;19.3962
16.1685;24.64
3.39539;18.9461
10.5895;23.0133
32.8441;25.8208
13.9469;29.6588
1.7727;23.2614
3.49616;17.0102
0.187979;15.9746
0.277934;28.6332
4.60318;51.6861
3.14865;48.966
7.18935;34.7792
5.27608;17.3564
3.66196;24.9573
3.28489;34.2014
28.1228;40.7222
27.3687;29.1413
16.2267;28.5028
23.321;86.3698
32.1253;66.5131
68.0017;29.5067
71.7378;24.6927
37.8152;30.3105
6.2201;35.9611
0.705675;27.0404
0.897684;26.7832
7.14837;32.8563
2.62883;26.9729
28.2527;18.9144
15.7945;16.0525
9.65256;33.0822
4.16649;68.6843
15.1158;129.875
0.345333;71.6808
17.2987;50.0933
16.011;31.4404
2.67502;37.9325
29.3146;34.6271
30.5061;24.3427
22.8082;32.3376
10.3496;37.1556
6.66947;59.3762
6.05905;41.8678
0.265837;79.2903
1.34886;67.6297
11.2586;64.3424
18.4793;67.7732
0.170236;62.9518
31.4474;33.2269
27.3276;22.6765
25.5139;29.5101
37.7334;17.806
29.6813;34.6669
38.1384;35.0242
67.7233;41.3775
57.1942;46.0469
7.8673;57.4739
10.5017;39.3474
17.8288;86.1875
11.8447;117.061
9.638;64.9033
2.14066;43.5163
30.8564;80.3547
15.681;91.7029
14.76;45.1694
4.67795;14.6895
28.7216;16.5107
57.2896;20.9586
34.8562;37.0464
5.82715;44.665
7.38844;22.4736
10.2423;15.9289
27.3545;22.6901
31.4726;42.1032
2.55361;35.9943
20.9214;50.657
50.3617;56.8101
14.9086;39.8973
9.54111;41.466
37.2342;30.5431
32.6306;47.7378
24.861;98.454
16.0418;55.7462
12.4902;38.3442
7.32924;37.23
30.6507;37.8118
17.4772;47.0083
0.0943818;24.8957
5.04074;49.601
0.184762;36.3451
3.96048;57.6049
12.5142;67.2944
27.7487;32.4069
31.91;13.2374
19.8649;9.80692
2.46851;24.9677
1.80196;35.0617
2.31833;75.0985
11.764;77.7331
28.2766;90.3047
27.2407;48.3758
6.22964;39.9057
0.0721579;39.3663
7.65173;64.3512
37.5067;56.337
54.2186;70.1251
30.5909;176.099
1.01175;70.7355
6.96075;17.9331
30.7632;85.6986
10.7036;116.63
1.82466;61.6119
1.33975;40.263
4.64042;53.5427
20.7918;51.5737
4.74816;50.0949
10.4385;33.4715
46.2487;54.0123
27.2076;91.7004
4.20951;85.044
20.8447;73.3655
230.422;350.971
813.363;1044.93
492.473;650.622
95.788;115.735
39.7362;54.6165
34.2454;78.6093
4.43269;36.7845
18.8691;46.8924
25.4408;79.3885
19.3504;42.389
7.80156;25.7287
2.5196;22.2734
10.5239;49.1492
22.6769;80.1159
1.00981;62.7992
26.0438;43.952
22.1492;53.1091
1.12564;58.5027
23.6477;95.8745
15.9863;59.6027
0.642179;19.6547
0.968976;18.5812
7.87056;19.4682
33.6021;25.3776
8.17095;35.8581
8.56681;55.3978
8.63697;51.7764
4.83841;43.3549
84.3197;47.6459
141.269;59.9949
103.655;85.2978
67.1262;29.0724
26.3896;27.7144
11.1534;36.131
14.6667;34.4222
12.2403;44.4223
0.606236;41.9889
24.1464;47.9033
23.227;55.6975
2.63887;54.6296
0.704854;82.9953
3.41745;85.4496
14.9578;127.306
31.8029;53.3191
11.8667;26.348
0.894372;48.7467
0.0211519;59.8843
18.0288;69.4318
3.01864;69.3742
19.6962;63.0334
55.0765;66.8825
36.8342;72.1735
19.6781;101.343
21.1663;55.953
2.5069;44.7592
29.4036;61.5089
42.5553;42.6696
8.36024;29.5903
7.09431;15.5192
20.2825;26.6041
38.4423;26.9061
13.1477;33.7308
0.808505;19.1615
1.79259;21.6285
17.2328;35.9465
47.429;69.4426
47.5076;89.4332
18.1489;64.9109
7.34825;29.1852
13.8167;26.3448
13.878;56.5239
68.9506;83.1773
71.0889;59.4483
27.6984;63.1815
19.2649;73.2959
10.515;97.0117
6.52744;82.3115
12.8628;22.7261
2.75822;12.0604
1.18964;36.1408
4.47478;32.0012
24.3551;27.5235
25.9323;59.9173
16.4066;47.8965
6.54754;23.587
4.21002;47.6956
9.29253;114.365
10.8567;95.7392
13.0326;72.6038
28.9538;43.0494
22.9081;24.5613
10.3768;60.5916
8.25755;62.9048
9.97878;55.6554
15.1458;48.0794
4.5557;65.9529
0.671963;56.6097
4.1225;46.5766
8.02261;61.1257
3.06014;65.4694
0.468268;80.2653
6.20158;45.2541
9.02607;30.4609
2.69152;60.4318
5.07973;35.4151
4.20914;33.694
2.61188;38.5098
7.74357;40.4946
13.8605;53.7092
21.7338;34.5306
1.17362;60.8208
3.78484;80.2782
44.9198;93.9383
59.4705;47.7301
50.2509;39.7857
48.8651;33.8024
26.7553;84.2398
9.673;103.643
2.45828;48.5307
12.4747;17.5114
19.8824;12.9621
0.270066;23.8494
27.4512;44.7027
28.6828;54.0968
6.47485;55.2533
0.722011;44.9943
2.92186;20.7309
27.7657;26.5587
22.5024;29.8796
18.1138;18.1614
12.1155;29.3496
1.81054;49.3995
19.5961;51.2498
19.7597;102.932
0.822755;41.4761
13.5764;32.2927
11.4166;35.9694
5.99175;39.2088
9.99458;44.9412
10.8092;34.9241
27.9367;39.0352
51.2042;39.9865
80.7209;24.5575
71.5109;21.9872
32.4986;42.5024
3.71788;92.9545
0.960738;50.3621
3.52483;46.5313
6.28885;49.5241
6.87219;86.0103
2.0788;107.972
0.182395;79.6449
19.5145;24.8319
26.0379;17.1935
5.73525;61.7992
39.6153;104.943
28.4132;160.91
3.95655;116.599
4.3415;52.9298
27.2163;43.1894
23.7184;21.819
7.04832;41.3126
24.7586;41.698
7.39439;14.475
16.0747;10.3888
44.7322;41.192
27.0412;70.9069
14.6842;58.232
24.229;37.557
13.1789;45.1415
3.67248;34.0429
1.73249;33.4687
0.578627;44.5412
5.86846;59.7719
11.4782;40.2671
16.2827;33.2494
13.1397;28.6001
42.3361;15.7072
40.5386;13.4242
6.43735;30.5607
1.39031;25.5258
10.6906;41.0212
15.934;48.0489
21.8601;48.8462
11.7263;33.9522
25.4342;39.6437
26.8326;50.2572
13.7038;92.7213
7.18303;90.9351
2.46062;44.4457
14.7545;20.0829
18.5578;47.2121
40.4038;47.6854
50.3156;35.6743
10.175;29.5044
11.4703;19.5218
9.4847;19.3844
35.8153;27.4427
63.4703;34.8968
73.5786;37.1668
34.6202;45.6127
6.05535;40.8184
6.27606;29.1681
53.0893;34.6289
137.947;160.958
637.15;751.802
649.172;833.079
90.4007;241.26
4.87068;30.1401
0.719682;55.5067
27.8416;79.0249
38.9249;38.251
6.80785;72.9488
3.81315;48.0205
12.3297;13.514
4.74134;10.241
0.301872;21.9955
3.76696;23.4388
10.5112;27.5508
5.55823;55.7224
0.866768;37.5329
0.997808;22.0924
0.106488;22.3134
24.4423;47.1644
87.3637;54.5204
62.5599;33.9142
37.1639;53.9735
39.7833;33.917
15.6356;41.1177
0.885945;47.7449
3.24619;40.4852
10.2717;23.4935
31.9413;28.3926
42.7912;35.328
2.85716;26.589
17.7823;12.5503
43.4796;33.5662
20.373;46.5336
0.656455;59.7516
2.75024;74.5625
14.8495;89.3665
10.2232;75.2253
4.65066;44.1631
8.34072;43.8593
2.42488;63.4934
1.8605;65.9058
1.45531;36.2264
4.47113;32.091
38.9582;42.7413
47.9208;48.3765
17.3831;46.2332
15.4291;47.8639
6.81133;51.9835
0.581786;64.3222
15.0621;53.5286
13.038;91.3206
8.23056;85.0376
23.8543;54.8617
10.4499;58.63
8.02932;62.2847
12.8232;42.6407
8.36501;41.2315
3.71499;40.629
18.1708;50.9227
47.8618;59.8725
7.26997;45.135
3.91359;47.7781
4.55568;63.7378
34.2522;62.0823
25.7598;37.1417
18.9361;21.0364
11.5734;38.5515
13.8765;62.2606
50.4768;86.139
33.5852;65.5001
3.48975;96.7659
2.79345;56.4447
12.1627;24.4504
0.348467;27.9161
7.89803;51.9421
17.8605;39.9366
14.6202;29.4082
11.0474;29.9252
17.8053;30.0491
12.9657;54.5181
1.34993;68.8176
3.14977;37.9885
8.03044;33.5219
9.1334;22.9781
11.0282;49.5918
8.71814;63.8011
7.86906;29.9604
16.6801;21.5355
15.158;22.6376
7.29694;19.4071
6.30095;23.3354
11.3029;40.5085
4.59271;32.9461
1.11703;47.6239
1.97486;71.7941
5.33632;31.7717
13.2927;58.5122
26.7364;84.2762
40.366;63.168
28.5476;36.4092
40.6627;50.0483
448.859;526.369
861.797;1253.38
165.344;482.732
27.5634;44.5516
78.4736;25.7536
34.5935;8.44372
5.30746;18.9582
1.5949;31.5326
0.425951;27.4116
8.05603;17.5814
20.5854;15.93
7.08606;9.6342
4.39888;18.2728
0.856383;25.0129
27.7997;62.1257
69.7193;42.7579
50.2562;24.5298
15.8989;14.2263
4.60692;9.21475
2.61591;22.3566
17.6732;32.9873
16.7412;41.3746
1.53003;48.92
0.848839;40.7934
3.62352;33.422
5.02279;32.857
9.59133;30.9973
1.3101;44.7782
10.6079;43.505
8.52602;28.2012
5.54365;35.4732
9.95896;60.5093
12.5506;66.1254
20.0728;37.6519
17.956;84.1098
22.385;100.912
32.6486;55.7496
7.30834;62.8674
4.4472;45.9788
29.2964;27.4299
94.3393;84.4004
40.7822;58.6831
17.0832;18.1421
35.297;18.8265
21.1177;30.0422
6.88768;41.5827
44.6918;75.0717
26.0028;67.0604
1.77809;37.0929
7.68039;32.7977
21.2909;35.1758
5.43468;24.3444
2.62671;25.9488
1.99847;69.8871
0.544147;78.9061
11.5913;52.5299
25.437;26.7052
9.79007;23.3068
0.81741;33.2328
16.4305;27.7367
27.4572;71.9549
22.3811;77.7352
3.72148;54.5047
9.4741;69.3096
64.7214;92.9032
102.48;95.2245
35.8209;52.3068
5.03113;17.8115
0.676609;29.6431
4.47156;53.3106
24.5583;62.7278
20.8176;54.9306
18.6518;80.5136
59.4837;69.0465
70.921;55.6439
15.2547;45.3059
4.80736;59.0229
17.8214;53.0156
25.6886;41.8793
12.4908;41.2414
4.74774;36.4972
37.713;27.4543
78.5046;56.8573
46.3238;50.7537
4.14281;30.0086
12.1862;19.3962
17.0342;24.64
29.3341;18.9461
45.4053;23.0133
17.7584;32.8441
1.49703;29.6588
15.4735;23.2614
10.8314;17.0102
3.56794;15.9746
0.820045;28.6332
2.48482;51.6861
8.19107;48.966
14.7638;34.7792
11.2999;17.3564
3.36712;24.9573
3.68407;34.2014
14.3345;40.7222
1.68405;29.1413
0.458652;28.5028
19.9542;86.3698
60.8977;66.5131
26.7495;68.0017
43.6835;71.7378
36.0245;37.8152
7.4882;35.9611
0.152648;27.0404
6.18985;26.7832
18.344;32.8563
33.4061;26.9729
52.6555;28.2527
57.1396;16.0525
32.8692;33.0822
17.1151;68.6843
21.2955;129.875
30.5943;71.6808
26.7047;50.0933
19.1947;31.4404
6.27953;37.9325
13.0884;34.6271
24.0842;30.5061
7.50576;32.3376
15.1907;37.1556
19.0766;59.3762
21.9348;41.8678
10.4254;79.2903
1.15707;67.6297
0.664896;64.3424
4.45598;67.7732
48.3;62.9518
70.4393;33.2269
18.4892;27.3276
18.4817;29.5101
14.221;37.7334
17.0405;34.6669
57.666;38.1384
68.8373;67.7233
72.2254;57.1942
36.4239;57.4739
12.403;39.3474
2.41865;86.1875
9.16294;117.061
35.2656;64.9033
46.1582;43.5163
28.1519;80.3547
7.83401;91.7029
2.22834;45.1694
4.82357;14.6895
28.2244;28.7216
15.6086;57.2896
13.1548;37.0464
14.4933;44.665
3.68046;22.4736
14.0425;15.9289
4.81275;27.3545
15.6215;42.1032
30.7877;35.9943
55.5938;50.657
77.2418;56.8101
68.1578;39.8973
60.5217;41.466
38.1654;37.2342
18.5942;47.7378
10.5318;98.454
6.2551;55.7462
8.5686;38.3442
5.3501;37.23
19.0237;37.8118
29.6923;47.0083
20.9441;24.8957
18.704;49.601
15.7804;36.3451
7.61943;57.6049
3.30585;67.2944
10.8089;32.4069
35.9686;31.91
43.7062;19.8649
63.9767;24.9677
59.8886;35.0617
41.5296;75.0985
5.0894;77.7331
12.5957;90.3047
28.1334;48.3758
15.3482;39.9057
7.34301;39.3663
26.4412;64.3512
23.9221;56.337
8.09115;70.1251
5.06749;176.099
2.2047;70.7355
3.86433;17.9331
29.8691;85.6986
10.2077;116.63
1.7241;61.6119
2.41687;40.263
14.2608;53.5427
48.714;51.5737
43.7752;50.0949
42.8701;33.4715
61.8113;54.0123
48.3434;91.7004
27.9259;85.044
41.2409;73.3655
288.827;350.971
700.753;1044.93
167.082;650.622
4.73595;115.735
17.6;54.6165
120.503;78.6093
118.962;36.7845
45.3019;46.8924
13.1391;79.3885
4.77533;42.389
1.51171;25.7287
4.22681;22.2734
15.6537;49.1492
43.0569;80.1159
24.524;62.7992
23.5545;43.952
18.1616;53.1091
0.435551;58.5027
21.2643;95.8745
36.4283;59.6027
18.5268;19.6547
19.9838;18.5812
50.0535;19.4682
58.543;33.6021
39.4729;35.8581
24.8965;55.3978
7.17036;51.7764
26.3988;43.3549
73.7009;84.3197
20.5798;141.269
1.18443;103.655
7.80205;67.1262
12.8764;27.7144
13.9322;36.131
10.9232;34.4222
22.3945;44.4223
32.6666;41.9889
8.24846;47.9033
12.1783;55.6975
29.7899;54.6296
15.1735;82.9953
7.29903;85.4496
15.6669;127.306
22.4716;53.3191
4.32078;26.348
14.4977;48.7467
33.1049;59.8843
38.8025;69.4318
31.059;69.3742
41.2859;63.0334
10.5375;66.8825
25.4968;72.1735
38.2781;101.343
16.68;55.953
20.3914;44.7592
19.3647;61.5089
13.4482;42.6696
8.46737;29.5903
5.56804;15.5192
37.2662;26.6041
30.5009;38.4423
14.6926;33.7308
5.96303;19.1615
2.96306;21.6285
10.8974;35.9465
25.1516;69.4426
6.00199;89.4332
41.3948;64.9109
49.5438;29.1852
17.5068;26.3448
28.7305;56.5239
65.8965;83.1773
23.865;71.0889
16.1065;63.1815
5.64242;73.2959
4.73761;97.0117
38.0963;82.3115
41.9816;22.7261
17.3858;12.0604
11.3003;36.1408
6.45489;32.0012
10.5876;27.5235
26.6545;59.9173
18.1776;47.8965
3.5157;23.587
2.53443;47.6956
1.77734;114.365
4.38185;95.7392
12.4179;72.6038
10.5295;43.0494
0.0492575;24.5613
2.89127;60.5916
6.91399;62.9048
27.603;55.6554
10.6039;48.0794
0.814851;65.9529
5.087;56.6097
2.8354;46.5766
7.60813;61.1257
8.7231;65.4694
1.53226;80.2653
10.1646;45.2541
31.3339;30.4609
19.8224;60.4318
9.00725;35.4151
5.1046;33.694
6.52971;38.5098
4.46901;40.4946
10.8425;53.7092
47.017;34.5306
59.5523;60.8208
45.1754;80.2782
68.85;93.9383
83.135;59.4705
131.399;50.2509
109.249;48.8651
37.1686;84.2398
13.6038;103.643
3.37072;48.5307
13.7354;17.5114
30.3846;19.8824
28.3312;23.8494
21.5696;44.7027
13.3517;54.0968
0.900136;55.2533
3.32371;44.9943
11.0435;20.7309
40.0052;27.7657
49.719;29.8796
29.9847;18.1614
26.0344;29.3496
4.94882;49.3995
10.0487;51.2498
17.7272;102.932
0.231461;41.4761
16.9434;32.2927
18.9046;35.9694
12.656;39.2088
11.1864;44.9412
6.65434;34.9241
4.02616;39.0352
6.07197;51.2042
15.4138;80.7209
10.6019;71.5109
49.4557;42.5024
27.8022;92.9545
3.81381;50.3621
1.20431;46.5313
3.51135;49.5241
3.78226;86.0103
13.6778;107.972
19.9276;79.6449
43.0457;24.8319
65.3374;26.0379
74.8346;61.7992
51.6566;104.943
12.9599;160.91
11.967;116.599
25.2568;52.9298
59.2917;43.1894
73.5347;23.7184
57.8868;41.3126
53.8964;41.698
40.2635;14.475
2.18752;16.0747
21.4741;44.7322
27.1591;70.9069
16.8011;58.232
12.2065;37.557
0.0454179;45.1415
9.39544;34.0429
8.43229;33.4687
0.837476;44.5412
2.12374;59.7719
9.59368;40.2671
28.5741;33.2494
48.6604;28.6001
108.89;42.3361
67.4242;40.5386
1.44403;30.5607
15.3466;25.5258
26.6213;41.0212
9.35437;48.0489
17.7394;48.8462
21.3655;33.9522
31.5329;39.6437
48.5243;50.2572
56.8407;92.7213
35.6859;90.9351
17.4287;44.4457
13.7146;20.0829
5.96976;47.2121
17.7985;47.6854
24.8106;50.3156
16.7736;29.5044
26.8462;19.5218
45.8697;19.3844
19.5623;35.8153
7.71144;63.4703
32.2888;73.5786
17.1186;45.6127
6.65124;40.8184
49.8137;29.1681
126.637;53.0893
112.299;160.958
376.19;751.802
542.655;833.079
233.532;241.26
74.3579;30.1401
95.1429;55.5067
89.9194;79.0249
13.6653;38.9249
3.98305;72.9488
15.4638;48.0205
11.2733;13.514
0.059532;10.241
0.609679;21.9955
2.82766;23.4388
9.16263;27.5508
10.3613;55.7224
7.13178;37.5329
7.47165;22.0924
18.1141;22.3134
43.847;47.1644
13.5283;87.3637
16.0561;62.5599
0.639262;53.9735
29.4967;39.7833
16.1257;41.1177
9.9873;47.7449
8.64288;40.4852
2.28847;23.4935
23.4457;31.9413
46.5402;42.7912
19.4106;26.589
4.7785;17.7823
8.62326;43.4796
7.11077;46.5336
26.049;59.7516
18.9227;74.5625
7.7667;89.3665
4.47204;75.2253
1.65059;44.1631
2.28222;43.8593
5.28934;63.4934
0.632458;65.9058
4.5328;36.2264
12.9108;32.091
2.56007;42.7413
25.6007;48.3765
33.5787;46.2332
4.78488;47.8639
2.9438;51.9835
8.89108;64.3222
12.0979;53.5286
5.38739;91.3206
2.72181;85.0376
7.5623;54.8617
23.9729;58.63
32.0332;62.2847
13.0815;42.6407
5.61632;41.2315
34.1042;40.629
77.5577;50.9227
86.6019;59.8725
36.6638;45.135
20.523;47.7781
24.7136;63.7378
10.1724;62.0823
4.60839;37.1417
4.29766;21.0364
16.2545;38.5515
4.65498;62.2606
11.0954;86.139
8.84263;65.5001
5.89815;96.7659
16.4112;56.4447
25.3638;24.4504
18.2297;27.9161
3.29074;51.9421
8.09426;39.9366
4.02358;29.4082
1.64348;29.9252
0.426132;30.0491
8.74072;54.5181
10.05;68.8176
3.70553;37.9885
4.02386;33.5219
0.914667;22.9781
0.271205;49.5918
0.227101;63.8011
2.73067;29.9604
18.4638;21.5355
16.21;22.6376
0.21934;19.4071
1.54157;23.3354
10.068;40.5085
1.89151;32.9461
9.31894;47.6239
18.3329;71.7941
11.2739;31.7717
1.23111;58.5122
3.04688;84.2762
37.9436;63.168
27.8508;36.4092
21.2074;50.0483
276.038;526.369
756.998;1253.38
315.899;482.732
48.6152;44.5516
33.0425;78.4736
23.7425;34.5935
19.4592;18.9582
8.73231;31.5326
11.4827;27.4116
13.7329;17.5814
19.2467;20.5854
15.7201;9.6342
6.33266;18.2728
2.97247;25.0129
6.0735;62.1257
8.24463;69.7193
32.5999;50.2562
16.5021;15.8989
0.857419;9.21475
3.65775;22.3566
24.2007;32.9873
37.4012;41.3746
10.9912;48.92
1.4311;40.7934
13.0289;33.422
21.0333;32.857
5.21651;30.9973
4.38495;44.7782
9.92868;43.505
7.80435;28.2012
20.4934;35.4732
24.1169;60.5093
8.52545;66.1254
19.0316;37.6519
13.7904;84.1098
31.491;100.912
41.7624;55.7496
21.3236;62.8674
44.3403;45.9788
95.6565;29.2964
76.6551;94.3393
7.11274;58.6831
1.57284;18.1421
28.4797;35.297
52.4806;30.0422
26.7035;41.5827
4.62634;75.0717
6.22314;67.0604
0.934225;37.0929
8.26744;32.7977
4.82693;35.1758
2.14547;24.3444
5.2047;25.9488
7.34411;69.8871
20.0556;78.9061
45.6454;52.5299
23.3202;26.7052
13.4164;23.3068
16.8759;33.2328
33.3323;27.7367
62.4707;71.9549
51.9063;77.7352
28.0001;54.5047
21.4318;69.3096
50.7878;92.9032
27.8483;102.48
12.5209;52.3068
2.81592;17.8115
7.13773;29.6431
4.17656;53.3106
1.12643;62.7278
8.58534;54.9306
11.1117;80.5136
19.0812;69.0465
18.4512;70.921
11.6844;45.3059
19.4866;59.0229
32.439;53.0156
72.8244;41.8793
49.9163;41.2414
12.8185;36.4972
49.6363;37.713
52.5718;78.5046
22.3314;50.7537
51.1658;30.0086
36.4093;19.3962
5.61849;24.64
12.7754;29.3341
19.0583;45.4053
28.285;32.8441
19.3501;29.6588
3.02787;23.2614
13.4559;17.0102
12.5691;15.9746
12.5121;28.6332
31.2137;51.6861
41.1881;48.966
7.19537;34.7792
2.05144;17.3564
0.308201;24.9573
4.11591;34.2014
17.4759;40.7222
22.3137;29.1413
24.12;28.5028
48.7138;86.3698
45.1361;66.5131
22.2693;68.0017
19.0964;71.7378
0.46842;37.8152
13.4694;35.9611
16.4683;27.0404
10.7397;26.7832
0.276444;32.8563
4.9743;33.4061
3.34162;52.6555
7.329;57.1396
18.224;33.0822
2.43279;68.6843
1.32088;129.875
24.0963;71.6808
6.21581;50.0933
4.87115;31.4404
7.91664;37.9325
21.0586;34.6271
29.9819;30.5061
16.603;32.3376
10.5788;37.1556
4.23137;59.3762
16.4635;41.8678
8.77218;79.2903
8.18155;67.6297
19.4642;64.3424
59.6614;67.7732
123.33;62.9518
63.3858;70.4393
13.9639;27.3276
26.9558;29.5101
19.881;37.7334
21.2723;34.6669
16.3844;57.666
6.25994;68.8373
13.6203;72.2254
1.7471;57.4739
0.400707;39.3474
1.44322;86.1875
3.09811;117.061
13.9614;64.9033
19.1026;46.1582
2.06422;80.3547
11.174;91.7029
15.9821;45.1694
24.7373;14.6895
38.3375;28.7216
35.8474;57.2896
37.0154;37.0464
29.7565;44.665
14.6806;22.4736
11.9709;15.9289
8.79936;27.3545
2.01514;42.1032
8.23296;35.9943
11.71;55.5938
3.48313;77.2418
8.36285;68.1578
9.97639;60.5217
21.5255;38.1654
19.9262;47.7378
29.0317;98.454
22.2029;55.7462
10.007;38.3442
2.28503;37.23
1.88813;37.8118
10.83;47.0083
0.0892098;24.8957
5.83886;49.601
8.28413;36.3451
33.9664;57.6049
30.5718;67.2944
26.0552;32.4069
6.76927;35.9686
2.8654;43.7062
36.163;63.9767
104.626;59.8886
111.413;75.0985
45.4301;77.7331
8.81696;90.3047
3.13969;48.3758
7.19901;39.9057
47.3149;39.3663
38.1164;64.3512
7.91976;56.337
1.86293;70.1251
3.88632;176.099
1.57379;70.7355
